32 54
92 59
50 96
15 0
39 70
78 39
65 50
38 91
29 44
85 63
68 25
33 41
57 96
54 92
1 64
93 15
58 19
95 30
97 52
78 86
61 38
9 0
76 51
12 59
69 38
52 98
37 13
94 54
41 74
24 14
98 45
81 35
67 80
87 13
0 55
74 2
3 2
88 48
60 81
25 49
82 66
28 10
50 27
94 33
70 94
1 40
59 1
40 29
78 46
65 11
48 77
11 83
85 56
33 34
63 76
21 71
1 89
2 73
78 89
83 14
80 82
12 50
73 36
76 87
59 9
24 21
81 36
62 6
45 54
66 93
49 51
0 14
74 13
46 49
77 48
25 58
8 94
45 71
28 1
32 68
14 84
53 7
1 33
40 4
4 42
78 49
2 78
7 15
48 68
11 72
12 90
16 29
90 60
65 78
6 11
41 43
98 76
9 50
86 32
79 76
76 78
77 88
24 28
98 63
45 47
66 84
87 3
91 68
96 9
78 16
45 64
28 24
50 13
14 95
18 98
32 88
37 98
40 11
95 80
65 5
46 33
11 65
12 81
33 60
73 69
54 33
19 1
98 71
61 49
26 85
9 59
83 28
66 60
47 2
12 32
88 81
51 71
34 21
17 43
91 44
37 56
20 96
76 69
24 99
6 87
10 26
30 89
31 85
87 24
70 48
91 93
74 63
40 99
63 98
57 68
28 23
85 98
50 4
33 68
14 38
53 9
18 93
78 3
11 70
94 59
92 53
98 33
36 70
19 6
41 21
98 94
61 74
44 6
9 60
83 37
86 50
51 76
52 70
91 37
56 1
37 33
94 18
42 60
98 49
81 15
91 72
75 98
67 76
87 17
38 0
44 86
23 99
99 50
82 38
15 43
49 93
33 93
72 16
71 72
72 78
1 52
75 13
40 98
78 10
26 52
65 23
54 51
37 89
41 30
98 89
62 83
66 14
72 34
88 95
17 37
91 58
37 42
13 74
6 65
67 53
30 75
13 49
87 46
70 34
92 91
55 65
40 81
96 30
60 12
50 54
33 86
14 48
72 23
53 27
18 79
95 79
26 63
23 75
40 56
5 24
68 99
90 16
92 66
19 20
19 74
58 57
41 7
97 98
5 41
79 54
69 16
47 25
86 76
69 12
52 84
15 64
91 51
32 98
69 21
94 28
42 46
23 0
84 18
50 94
70 37
35 5
96 21
86 93
60 11
8 97
11 60
11 28
9 96
50 49
72 30
71 62
1 6
75 59
58 81
17 13
80 78
44 92
29 27
37 43
51 50
90 27
54 13
19 29
76 26
41 8
95 73
61 85
62 93
83 56
30 42
88 45
87 79
15 73
0 73
20 4
42 41
23 25
6 51
62 44
84 25
50 89
55 87
40 95
95 44
60 2
43 58
64 69
63 55
11 21
33 96
18 65
75 48
39 14
97 3
80 69
93 8
26 1
83 80
48 30
29 20
49 71
23 78
19 34
2 54
76 17
5 27
79 4
62 68
80 3
30 45
86 94
34 48
15 86
56 29
4 40
94 14
42 16
23 22
64 45
49 66
50 80
87 53
35 51
57 2
38 44
95 21
22 33
64 92
63 60
11 10
50 35
14 5
75 41
80 60
43 64
26 8
83 89
46 79
68 88
51 0
36 97
19 43
5 4
95 71
62 79
27 59
66 18
52 51
30 20
86 81
63 57
52 33
17 1
91 6
3 50
23 47
84 47
50 75
31 63
70 14
35 56
18 32
92 63
75 81
40 77
96 58
60 16
43 40
99 87
64 83
65 91
28 73
68 48
14 12
72 51
71 37
36 25
75 46
80 51
95 16
83 94
12 98
69 95
15 55
19 48
5 13
61 96
27 48
57 72
30 31
52 40
0 94
96 66
59 54
24 84
25 74
71 4
46 66
50 66
31 36
89 37
35 33
18 27
92 54
75 86
40 52
96 49
43 33
8 29
24 95
65 92
28 64
85 17
68 63
90 76
1 98
75 39
39 53
22 87
80 42
79 98
12 25
68 78
51 14
17 98
37 95
2 3
94 80
24 44
79 19
69 83
30 6
34 93
0 85
20 24
3 32
24 91
25 83
81 94
64 50
28 40
39 66
75 79
40 59
21 7
4 65
92 85
43 38
99 69
7 52
65 85
28 95
85 26
68 38
33 12
78 95
39 50
7 69
48 58
69 65
17 91
73 6
56 74
2 26
76 53
18 84
79 24
62 96
10 74
88 16
52 62
0 44
56 57
96 80
25 84
6 22
18 13
75 68
40 34
60 61
43 31
94 12
11 53
65 46
11 54
16 59
72 40
71 16
54 72
2 98
58 7
32 75
78 66
44 54
7 66
48 49
24 97
86 2
15 2
73 15
56 81
37 17
93 84
46 30
98 1
29 62
78 26
87 97
91 98
77 11
25 93
6 9
82 86
45 98
28 62
67 13
31 19
40 41
21 9
22 98
43 20
63 89
48 89
29 89
33 30
90 89
53 83
36 61
58 14
97 57
29 17
44 45
9 21
94 53
0 20
86 5
16 65
17 85
73 48
37 26
76 43
41 95
5 97
81 48
82 74
27 28
26 69
88 30
91 67
0 58
37 73
20 53
3 23
23 72
6 0
82 81
45 91
27 72
94 98
32 48
89 1
53 43
74 96
40 16
21 18
60 51
7 35
11 36
68 19
16 41
90 32
53 92
1 78
93 53
78 76
83 3
48 47
72 86
76 49
15 16
19 85
76 34
24 8
98 19
62 21
13 26
34 97
39 71
74 24
20 60
3 28
77 61
60 91
25 47
28 12
85 77
14 75
53 52
34 43
43 2
42 74
7 24
65 49
48 87
36 35
1 71
58 16
80 13
61 37
83 8
48 38
86 23
34 9
15 25
37 12
20 84
41 73
98 42
6 99
62 28
91 97
66 67
67 83
52 18
0 8
81 88
77 54
25 48
99 25
28 11
85 86
50 24
31 14
3 45
53 61
1 47
57 58
40 30
8 39
7 17
93 66
48 78
11 82
73 90
47 53
81 75
41 33
97 76
61 62
9 8
83 17
66 43
12 51
88 68
17 56
19 99
76 80
59 8
98 37
6 90
45 53
66 90
49 50
49 98
13 12
0 15
74 10
77 90
23 87
28 2
85 95
33 73
14 85
3 87
53 6
61 66
75 25
21 45
8 46
48 69
29 61
12 91
33 58
72 75
73 67
36 81
32 91
93 0
41 42
22 4
26 75
66 34
89 30
86 33
20 90
76 79
77 87
42 75
5 69
81 28
62 14
45 46
10 16
66 85
27 53
30 87
13 5
70 62
0 6
38 23
77 40
67 65
99 7
82 53
28 25
59 26
50 10
33 66
89 29
70 73
53 15
18 99
75 30
40 12
80 99
26 35
65 4
46 38
29 54
33 51
36 88
93 25
58 45
41 19
97 94
98 68
79 90
17 21
91 16
66 61
12 33
51 70
17 42
76 70
22 64
5 78
81 21
85 68
84 6
30 94
3 60
70 49
0 29
38 14
96 1
63 18
33 91
14 39
53 8
1 50
75 23
58 69
95 88
80 90
63 99
29 15
12 73
33 52
90 15
73 77
19 9
93 18
97 87
44 7
9 35
66 52
30 54
86 51
69 25
52 71
94 19
77 73
42 61
25 99
6 79
84 13
31 93
87 16
91 85
74 39
55 75
38 1
3 97
25 12
91 92
50 60
17 80
21 56
78 11
26 53
65 22
29 8
12 64
54 48
19 14
58 63
95 4
79 40
62 80
83 45
66 15
88 32
51 84
99 65
81 7
45 25
84 20
49 94
30 72
31 90
40 82
96 31
95 57
82 30
94 43
14 49
53 26
18 76
1 12
57 95
21 65
95 78
78 18
83 69
29 1
51 44
63 74
90 17
54 11
76 28
98 81
79 49
9 45
83 50
66 6
47 24
30 32
69 11
34 63
15 67
91 50
94 29
23 3
62 42
49 87
50 95
89 26
18 52
74 41
96 22
13 63
25 30
8 98
11 31
50 46
18 71
75 58
58 94
97 9
78 21
48 24
29 26
69 99
92 69
73 96
54 2
19 28
2 60
97 78
79 62
9 86
66 1
47 33
30 43
88 46
52 92
0 74
55 33
44 24
23 24
6 48
50 86
92 42
38 42
3 84
95 47
60 3
99 40
73 2
65 72
50 41
14 3
72 6
71 54
36 20
1 30
88 66
67 0
78 28
43 74
26 14
48 31
29 19
68 82
76 18
98 99
79 7
29 30
47 46
88 53
65 64
52 91
15 81
0 65
20 12
94 15
91 90
71 83
6 43
64 46
84 33
67 43
37 52
87 52
35 50
75 91
40 71
17 29
43 50
8 16
82 11
85 14
1 23
29 64
58 96
80 61
43 67
7 89
48 22
69 85
54 28
76 9
22 53
62 76
10 94
66 19
67 86
30 21
34 72
15 94
91 25
56 37
3 53
25 64
6 34
29 48
10 33
84 40
32 30
13 84
14 98
70 15
75 80
40 78
96 59
95 29
60 17
28 74
11 2
14 13
90 66
75 33
97 28
13 41
26 16
7 86
83 97
46 87
47 79
15 54
2 9
76 0
41 98
79 21
30 28
52 41
92 83
99 28
96 67
59 73
42 3
25 73
6 37
67 25
36 99
35 32
18 24
75 73
40 53
96 50
4 91
60 40
65 83
28 65
29 77
85 16
33 10
14 20
90 77
53 71
1 97
80 95
80 43
61 7
26 27
7 79
47 84
12 26
51 17
16 93
15 63
73 28
19 56
2 0
76 63
98 12
79 18
27 8
69 26
86 96
87 82
34 90
35 88
20 25
96 90
59 78
23 60
6 28
64 51
28 41
32 44
31 44
63 84
18 19
75 78
40 60
21 6
86 87
99 68
29 68
65 84
68 39
33 3
14 31
90 84
71 26
93 41
17 7
39 94
80 34
26 98
94 70
47 93
12 17
69 64
16 84
17 90
56 75
19 65
93 90
42 98
79 27
10 75
80 79
49 28
88 17
8 25
34 98
0 45
56 58
96 81
77 17
60 79
25 91
81 86
24 79
67 7
32 35
90 63
38 73
21 15
4 73
60 62
43 30
7 44
65 45
28 87
29 95
33 4
16 60
90 95
53 73
2 99
78 67
9 19
48 50
69 73
17 83
73 14
44 29
37 16
41 85
6 84
74 23
3 17
59 92
60 70
25 92
6 14
64 1
45 97
89 63
15 6
60 53
7 37
38 37
29 88
68 21
90 38
53 82
58 15
4 93
78 74
23 94
48 41
86 26
69 50
15 10
73 55
37 25
76 36
98 25
66 78
49 14
39 68
74 30
55 16
25 37
6 1
82 78
28 54
84 75
85 67
34 54
22 68
40 17
21 17
4 63
78 34
65 63
48 81
68 28
33 22
16 42
90 33
71 1
36 37
1 77
93 52
97 49
78 77
44 37
48 32
86 29
34 15
17 77
73 56
56 96
41 71
42 95
81 40
66 73
0 50
74 25
72 90
20 61
60 84
8 82
45 83
28 13
84 82
85 76
96 83
40 24
21 26
78 37
8 33
7 27
63 78
11 92
85 61
68 27
33 47
16 33
90 40
32 0
93 13
58 17
41 63
78 84
61 36
44 28
9 6
83 11
39 78
12 53
34 6
17 70
73 33
76 90
42 70
81 33
62 29
66 64
51 79
13 18
87 15
52 19
74 80
0 9
74 0
3 4
60 83
23 89
99 24
64 22
28 4
84 89
50 25
31 9
14 83
53 60
8 40
7 16
33 32
54 85
1 95
2 71
97 67
37 87
79 87
26 65
82 16
12 44
86 47
69 45
34 1
15 97
19 98
76 81
86 53
24 23
98 34
6 91
13 51
66 91
67 91
94 48
87 4
52 26
35 98
91 65
23 86
45 69
28 3
84 96
98 47
71 95
1 39
57 66
4 20
48 70
29 60
12 84
33 57
73 66
54 44
1 80
93 31
97 68
5 51
61 54
83 25
66 35
51 64
91 41
37 61
20 91
24 30
5 68
6 82
62 15
11 78
94 74
66 82
49 42
30 84
87 29
91 70
74 50
44 84
60 97
99 6
42 0
51 52
50 11
25 72
70 78
53 14
1 56
75 17
40 13
4 19
78 62
7 6
78 65
12 83
54 32
33 50
16 22
73 75
19 3
93 24
97 93
5 60
26 83
83 30
66 58
51 73
34 19
37 38
20 98
42 51
98 52
81 20
62 54
38 59
84 7
98 70
30 95
31 87
87 26
91 95
74 61
96 2
25 10
8 78
65 99
28 17
85 96
50 2
33 90
14 36
70 65
1 49
57 76
58 66
21 62
57 18
78 1
26 43
65 28
29 14
51 33
16 13
90 12
73 76
54 62
19 8
93 17
4 68
22 23
44 0
27 88
66 53
47 21
30 55
51 78
34 42
91 39
5 91
94 16
59 30
23 12
6 76
84 14
67 78
13 54
70 41
92 94
96 25
95 51
71 65
63 26
87 71
33 83
14 47
72 18
53 16
18 82
75 15
58 77
80 67
4 1
78 8
65 21
88 35
67 97
93 91
89 84
31 41
54 49
37 71
2 43
48 75
41 28
69 71
27 81
86 75
51 87
52 79
15 69
91 60
77 65
42 37
81 6
62 32
84 21
67 68
31 69
74 47
96 16
60 14
25 20
99 61
64 73
50 73
50 52
33 84
72 25
53 25
39 26
4 8
78 19
43 95
83 68
48 98
29 0
49 65
51 47
90 30
19 22
76 29
41 5
97 96
83 53
66 7
80 1
30 33
86 66
51 92
17 28
79 75
56 17
59 44
42 44
6 62
62 43
45 17
84 28
13 40
35 7
92 44
55 88
17 96
96 23
60 5
25 29
34 68
50 47
14 57
96 36
53 98
1 4
75 61
97 8
71 8
43 84
83 77
48 25
29 25
69 98
90 25
83 51
19 31
5 16
61 83
62 67
83 58
66 30
47 32
30 40
86 69
87 73
52 93
15 75
0 75
79 29
20 6
24 65
6 49
20 80
49 79
13 33
35 12
74 81
40 65
17 30
11 40
60 28
82 17
98 38
14 0
71 49
1 29
75 50
46 6
39 8
97 1
80 71
43 77
7 99
83 82
48 16
29 18
68 83
54 26
2 52
98 96
79 6
62 74
10 84
66 25
67 87
30 19
34 78
15 80
91 3
76 98
59 58
42 30
64 47
45 3
49 64
50 78
31 48
87 55
70 21
75 90
40 72
96 37
38 39
22 93
43 53
8 17
82 8
63 62
28 76
11 12
50 33
89 74
71 46
36 28
39 1
97 26
80 62
43 66
7 88
83 91
48 23
47 65
16 96
54 29
19 7
2 15
5 2
79 15
51 3
10 95
30 26
88 61
87 95
52 35
15 89
91 24
55 54
3 52
42 25
25 71
81 98
84 41
32 31
89 34
92 51
74 67
39 9
40 79
95 28
43 42
8 24
65 89
28 75
68 50
14 18
90 67
71 39
38 78
75 32
39 62
80 53
44 75
7 81
83 96
48 14
89 23
68 65
51 11
73 26
76 1
27 50
30 29
87 84
34 64
0 80
55 15
20 19
96 68
77 30
24 86
23 38
81 91
81 3
84 48
50 64
65 43
75 72
40 54
95 5
43 35
35 97
65 82
29 76
85 31
68 57
14 21
1 96
93 47
80 44
61 6
26 24
7 78
12 27
89 93
69 70
16 94
15 62
73 3
19 59
2 1
94 86
98 13
71 21
27 11
66 98
30 4
0 87
20 26
24 93
6 29
84 63
67 1
8 74
89 44
18 16
75 65
95 2
43 24
8 6
7 54
63 85
11 51
68 32
33 2
14 28
72 35
53 79
97 45
26 99
47 92
86 9
51 25
16 85
17 89
73 4
19 64
93 89
41 83
42 99
98 4
79 26
27 0
10 72
49 19
35 64
37 75
96 82
26 76
23 52
6 20
82 93
28 33
23 96
43 69
53 39
75 70
40 36
21 14
95 11
60 63
43 17
8 13
63 82
28 80
29 94
33 27
72 42
71 18
2 96
58 5
44 48
9 18
48 51
51 30
17 82
99 90
91 17
93 82
76 46
41 84
27 25
87 99
52 7
0 37
74 20
55 26
59 95
6 15
82 84
67 15
32 59
92 29
57 37
40 43
21 23
75 10
7 36
91 8
48 91
29 87
85 42
68 22
33 28
72 81
53 81
54 65
58 12
97 63
78 75
15 7
48 42
47 98
12 0
15 21
56 90
19 78
76 37
41 93
42 85
98 22
81 54
27 30
66 79
49 13
0 60
74 31
55 19
59 84
60 94
25 36
81 71
64 25
85 66
14 70
53 41
39 74
43 15
8 59
65 62
48 82
11 38
68 29
25 90
16 43
1 76
81 85
41 53
78 82
61 42
44 38
83 5
36 76
69 58
17 76
94 50
41 70
42 92
98 17
66 70
49 6
30 96
52 21
0 51
99 2
3 30
25 45
8 83
28 14
84 83
14 73
53 50
20 81
40 25
39 67
65 55
48 73
11 95
68 4
33 46
90 41
73 87
54 83
58 30
57 28
80 15
79 73
26 71
83 10
66 46
12 54
86 21
17 69
76 91
24 17
5 81
6 97
45 58
66 65
67 85
94 51
91 75
74 1
55 97
99 76
59 98
8 90
82 65
45 75
28 5
42 17
85 84
13 98
89 17
53 59
57 56
40 0
21 34
8 41
7 19
80 96
12 94
33 39
58 25
35 83
61 60
26 78
9 14
86 44
69 44
17 62
73 41
20 93
94 60
22 66
98 35
66 88
49 48
30 82
31 96
0 1
74 8
44 91
93 33
99 0
14 25
14 91
53 4
1 38
57 65
71 91
21 43
4 21
7 8
65 1
11 77
12 85
68 10
54 45
93 30
41 40
97 91
98 75
61 53
44 19
83 24
86 39
51 67
2 95
91 40
37 60
76 73
77 85
5 67
81 18
45 44
30 85
87 28
70 60
0 24
74 51
96 12
26 87
11 69
28 27
27 79
53 13
46 76
57 74
21 52
95 93
78 63
46 65
7 1
65 26
29 52
12 76
56 83
3 75
73 74
54 36
19 66
2 86
58 43
95 26
98 66
61 78
6 17
83 33
66 59
47 15
12 35
86 62
51 72
17 40
91 33
76 64
77 78
42 48
98 53
81 11
10 25
87 21
35 19
92 64
95 53
25 9
8 79
65 98
50 3
94 37
53 22
1 48
75 9
17 8
95 90
78 6
26 40
65 19
46 47
98 56
51 32
65 54
19 11
93 16
46 16
22 20
26 91
27 91
92 93
66 50
88 91
69 7
52 65
17 33
91 38
94 17
59 17
25 97
81 12
45 30
30 71
13 53
35 24
0 22
92 95
96 26
95 50
63 5
50 58
71 69
18 83
1 9
75 14
21 70
80 83
2 74
29 6
51 41
16 5
90 20
32 90
37 70
81 78
79 42
62 86
27 80
83 47
66 13
80 0
30 63
86 72
51 86
21 91
91 63
55 45
42 34
6 68
45 23
10 11
30 78
87 43
40 84
96 17
95 59
25 27
64 74
11 24
50 53
18 74
1 2
75 7
21 79
80 74
43 94
83 71
94 81
43 51
90 31
54 9
41 4
79 51
86 67
65 66
52 87
91 52
42 45
71 81
10 50
84 29
87 32
34 33
40 91
96 40
60 6
25 28
64 65
63 11
14 62
72 1
58 92
97 15
78 27
43 87
44 95
83 76
48 26
68 85
51 55
15 37
54 0
19 30
2 58
76 21
41 13
62 64
9 84
83 61
66 31
30 41
86 90
52 94
0 76
94 10
59 36
23 26
6 54
45 9
49 78
50 84
31 74
74 94
95 41
60 29
43 63
99 42
63 48
49 81
50 39
14 1
36 22
1 28
75 53
21 81
22 65
80 56
43 76
26 12
83 85
46 75
80 17
36 68
51 60
15 34
3 64
2 53
76 12
22 48
98 97
79 1
69 86
10 85
66 22
47 40
57 97
88 55
87 65
52 37
15 83
0 67
55 56
20 14
76 99
24 73
22 19
84 35
67 45
32 25
35 52
61 76
74 89
75 93
40 73
4 87
60 20
43 52
8 18
65 71
28 77
11 15
85 12
85 83
14 8
71 41
54 99
75 42
17 75
97 25
80 58
26 23
83 90
48 8
47 64
68 91
51 5
16 97
39 92
54 18
19 44
2 12
76 11
24 33
93 95
79 14
47 49
30 27
94 75
87 94
34 70
17 6
91 27
55 49
20 21
96 78
24 80
93 96
31 66
13 82
74 64
38 90
96 61
60 19
99 88
65 88
28 68
85 21
68 51
14 19
72 54
71 38
75 35
63 66
57 98
26 30
7 80
12 29
68 66
69 92
16 88
73 25
81 9
41 96
24 40
79 23
9 79
30 2
88 5
52 43
0 81
20 28
96 69
59 75
24 87
64 62
28 44
50 65
13 75
35 34
18 22
74 75
90 49
96 52
4 69
60 42
43 34
8 0
85 30
36 85
33 8
14 26
90 75
80 45
26 25
48 6
47 86
12 20
23 74
16 95
15 57
94 87
19 58
2 30
76 57
24 47
79 28
10 78
49 25
52 50
0 40
42 8
23 62
6 18
28 43
84 56
71 56
89 51
35 43
18 17
21 4
60 33
8 7
79 39
65 42
28 90
11 50
89 7
68 33
65 96
14 29
53 78
97 44
61 30
26 96
47 95
12 19
86 14
69 78
16 86
17 88
73 11
32 87
33 1
76 48
98 5
3 66
49 18
30 12
34 83
3 42
59 89
60 73
25 89
6 21
64 12
76 83
18 8
92 7
57 35
38 79
15 78
95 10
43 16
8 14
7 46
28 81
11 43
63 64
72 43
53 87
54 79
58 2
39 36
95 68
80 27
61 23
9 17
86 1
51 97
73 12
56 84
37 30
94 65
41 91
98 28
81 60
9 98
67 93
35 72
0 38
3 19
59 94
46 8
64 3
45 95
28 57
84 78
67 14
31 28
3 40
53 47
21 22
4 50
8 53
63 90
81 82
29 86
85 41
33 19
16 53
53 80
1 74
41 51
78 72
48 43
80 8
12 1
86 24
69 48
15 20
73 53
56 91
37 7
76 38
81 53
62 17
13 30
52 15
74 28
96 97
77 1
6 7
45 88
28 48
84 85
85 65
32 51
14 71
53 40
40 19
39 69
78 32
7 28
48 83
29 47
36 39
1 67
41 52
97 55
80 9
48 34
12 56
15 29
73 62
56 98
37 0
76 93
41 69
24 11
62 24
69 5
9 74
74 7
77 58
8 84
38 98
50 28
31 2
89 15
70 91
53 49
1 43
40 26
21 24
95 87
78 43
43 7
99 98
7 21
63 72
48 74
29 40
68 5
34 66
73 86
3 33
77 69
78 90
44 30
66 47
63 91
17 68
21 85
20 87
94 58
24 18
98 41
62 3
29 58
80 68
13 16
52 29
0 11
55 96
3 6
44 90
93 34
8 91
45 74
28 6
67 51
50 23
31 11
14 81
71 96
57 63
40 1
46 71
78 50
8 42
7 18
11 99
11 87
33 38
16 26
72 71
73 95
54 43
93 4
41 38
22 0
80 7
26 79
83 18
86 45
69 43
73 40
11 81
20 94
94 61
24 25
98 32
81 24
19 79
45 50
40 97
49 55
30 83
87 6
0 2
74 9
38 19
44 12
8 66
45 67
28 29
85 92
50 14
89 25
53 3
75 26
40 8
4 22
78 53
26 39
7 11
65 0
11 76
33 63
16 17
90 56
73 64
54 34
1 86
58 33
79 94
26 86
9 54
66 33
47 1
12 37
86 36
51 66
17 54
91 43
94 36
98 59
66 80
67 66
30 90
87 31
70 61
91 88
74 48
40 96
8 73
82 48
28 20
50 9
33 71
14 35
70 76
53 12
18 94
1 62
15 87
95 92
7 0
0 79
29 51
5 66
16 8
39 30
37 83
93 22
41 16
22 18
5 58
61 77
47 14
86 63
91 32
37 36
76 65
59 27
42 49
98 50
62 52
10 6
84 1
49 40
30 93
31 81
87 20
70 52
91 81
92 65
38 13
95 52
25 8
63 31
28 19
50 0
70 71
1 55
75 8
95 69
78 7
65 18
29 12
51 35
16 15
36 66
37 92
41 25
22 21
5 35
61 70
44 2
27 90
83 41
66 51
47 23
51 80
34 40
17 32
91 57
59 16
42 56
25 96
6 66
62 63
45 29
84 8
49 90
87 45
0 23
55 68
95 61
67 98
99 54
63 4
33 81
14 45
90 98
61 94
1 8
57 91
58 75
21 69
4 3
43 88
26 48
83 65
29 5
76 62
36 73
26 97
22 44
98 85
61 95
9 41
66 10
30 60
86 73
51 89
34 35
15 71
56 12
94 25
59 41
81 4
79 9
49 83
30 79
13 45
74 45
55 93
40 85
17 24
25 26
99 63
63 13
28 97
11 27
98 40
72 27
18 75
21 78
4 10
80 75
43 81
44 97
83 70
90 93
25 53
51 49
90 28
37 78
93 97
61 88
27 40
83 55
66 5
30 39
51 94
17 18
56 19
94 0
13 17
23 28
6 60
45 15
84 30
67 62
32 12
13 38
35 9
96 41
4 98
60 7
99 36
64 66
50 45
23 61
72 2
18 66
1 26
75 63
21 87
80 66
26 2
48 27
11 97
8 4
51 54
19 33
62 65
27 33
83 60
30 46
86 91
87 75
52 95
84 12
0 77
56 26
20 0
59 39
23 21
10 58
98 67
32 3
36 96
35 14
18 42
92 37
77 70
38 41
95 40
60 30
43 62
84 90
82 15
65 77
14 6
71 51
1 19
75 52
17 84
80 57
26 13
83 84
29 16
68 93
15 45
19 38
2 50
79 0
76 97
47 43
30 17
86 82
87 64
52 38
17 12
91 5
20 15
3 49
59 60
24 74
6 46
84 44
49 70
5 96
63 43
70 11
74 70
79 95
8 19
82 6
65 70
28 78
68 53
94 47
14 9
97 83
71 40
54 96
1 20
75 45
97 24
26 20
51 4
15 42
73 23
93 76
61 99
80 76
47 48
30 24
86 85
96 74
91 26
56 40
55 48
20 22
96 79
59 53
24 81
25 69
81 96
84 43
67 75
32 17
25 66
74 65
57 15
40 49
96 62
4 95
60 44
43 44
8 26
64 87
63 33
11 7
89 81
71 33
75 34
79 97
44 69
98 90
12 30
68 67
51 13
73 24
19 52
81 64
10 68
81 83
30 3
87 86
35 84
56 47
20 29
77 28
25 78
81 89
64 63
84 50
32 40
31 32
89 41
75 74
38 82
95 7
43 37
8 1
65 80
29 74
89 90
90 72
71 30
70 98
39 49
80 46
44 60
48 7
69 68
73 1
56 71
32 86
2 31
24 48
48 96
2 40
99 74
66 96
49 24
65 68
34 89
39 75
0 41
91 20
20 36
96 93
86 65
42 9
6 19
82 96
28 36
32 47
13 67
89 50
18 14
75 67
38 85
39 89
43 26
59 96
7 48
28 91
29 67
85 38
68 34
63 65
90 83
36 11
97 35
34 75
61 29
44 59
47 94
86 15
69 77
16 87
99 18
37 20
94 95
98 2
81 58
81 14
67 90
30 13
88 20
34 80
35 66
0 32
20 35
96 84
6 10
67 8
89 59
18 9
38 76
39 86
4 52
43 19
99 78
7 41
63 92
29 92
72 44
53 86
81 87
97 36
78 70
12 11
16 78
15 14
73 51
56 85
2 17
76 40
41 90
24 62
9 97
67 96
88 27
23 81
52 1
35 75
74 18
60 65
23 79
81 76
88 69
53 46
38 71
39 79
4 51
46 7
11 35
85 40
16 54
53 95
54 71
1 73
58 10
41 50
9 25
48 44
12 2
16 69
37 6
75 40
94 73
24 5
98 20
81 52
49 3
52 66
74 29
96 98
77 0
25 42
6 4
45 87
28 49
2 84
50 98
53 55
21 30
43 1
7 31
65 60
48 84
33 43
90 44
53 88
54 94
1 66
93 49
41 59
78 80
79 66
44 32
9 2
91 28
86 16
52 96
37 15
71 5
76 94
24 12
5 86
66 68
36 54
52 23
92 58
25 51
82 68
45 80
84 93
85 73
50 29
14 79
40 27
4 33
78 40
43 6
63 75
46 17
80 24
68 6
72 65
73 85
54 81
97 79
78 91
61 33
44 31
83 12
91 86
88 65
69 33
34 5
17 59
73 38
32 19
19 94
99 19
76 85
41 77
5 95
49 61
0 12
26 73
82 63
28 7
50 20
14 86
70 83
69 80
40 2
57 13
78 51
33 37
3 73
73 94
54 40
58 39
88 77
79 80
44 22
83 21
66 39
38 48
17 60
22 78
59 12
24 26
5 88
81 31
62 11
66 86
49 54
30 80
13 8
91 66
3 14
77 43
8 67
45 66
28 30
27 7
94 39
70 74
53 2
21 41
78 58
7 10
11 79
16 18
73 71
90 79
97 89
98 73
44 13
9 53
83 26
88 79
69 19
34 23
76 75
77 83
65 39
5 65
6 81
42 18
45 42
10 28
49 47
87 30
0 26
38 11
99 11
50 6
89 97
70 77
53 11
75 18
68 96
21 50
4 30
78 61
81 0
65 24
46 42
29 50
33 55
73 72
54 58
19 4
81 72
97 82
79 38
27 68
83 35
66 57
30 51
54 55
51 74
17 46
79 78
51 98
77 76
42 62
98 51
6 72
10 7
84 2
67 74
30 66
87 23
74 56
96 5
48 39
25 15
82 40
63 30
50 1
70 68
53 20
79 53
58 65
4 5
80 94
26 54
46 45
29 11
12 69
94 83
32 78
54 61
37 91
2 47
58 48
98 91
79 47
26 89
9 39
30 58
51 83
91 56
37 44
94 23
59 19
71 87
81 2
62 60
15 66
69 15
84 9
49 89
30 69
94 52
35 26
74 35
14 50
90 99
18 81
6 96
75 0
21 68
4 28
78 15
43 91
83 64
68 97
51 43
16 7
54 52
19 18
91 78
58 59
41 1
79 52
83 49
23 50
30 61
88 36
51 88
15 70
21 95
94 30
59 40
6 58
62 39
45 21
10 9
84 16
13 44
87 37
70 39
18 57
74 42
40 86
95 37
60 9
64 76
28 98
91 12
50 51
14 53
72 28
18 72
1 0
81 95
58 83
46 73
78 22
43 80
26 56
83 73
37 93
78 69
51 48
90 29
54 15
80 81
2 33
76 24
22 36
9 81
83 54
88 43
87 77
52 81
15 79
42 43
6 61
45 14
10 48
50 91
13 37
87 34
79 36
92 47
3 83
60 0
65 75
11 19
33 98
14 60
71 53
89 65
15 11
21 86
78 25
44 89
48 28
51 57
96 55
54 6
19 32
76 23
5 29
61 80
62 70
69 30
47 45
30 47
34 50
17 10
20 1
94 8
59 38
24 68
36 86
64 43
88 89
49 76
70 17
18 43
38 46
96 33
95 43
88 99
11 62
65 76
72 10
1 18
75 55
15 93
97 6
78 96
43 78
44 80
7 92
48 19
68 94
19 41
76 14
95 75
5 6
62 73
10 83
63 68
87 67
17 3
91 4
56 34
96 73
26 59
25 67
64 34
45 0
23 45
87 48
75 95
40 75
96 56
4 81
60 22
43 54
55 63
65 69
28 79
85 10
71 43
36 31
75 44
21 88
43 71
26 21
83 92
48 10
47 66
12 96
68 69
51 7
15 53
54 16
93 75
24 35
13 87
79 8
64 7
47 51
30 25
87 88
12 23
15 90
55 51
99 97
42 4
25 68
84 52
50 68
13 80
89 39
86 78
18 29
74 78
57 14
43 47
8 27
7 61
65 94
38 33
11 6
85 19
90 78
75 37
39 59
52 57
82 87
79 96
48 1
68 76
51 12
16 90
19 55
2 5
76 60
79 17
64 81
47 56
88 7
87 81
52 53
0 83
44 98
20 30
96 71
42 15
6 78
84 51
67 29
94 63
35 36
74 73
96 54
4 71
42 65
7 58
63 41
11 63
68 36
14 24
72 63
53 67
39 48
80 47
7 75
47 80
68 75
15 59
73 0
36 79
19 60
2 28
76 59
24 49
98 8
79 30
27 12
0 42
56 55
55 1
20 37
59 66
60 76
82 97
28 37
13 66
89 49
75 66
40 32
8 9
7 51
63 86
28 84
85 37
33 7
90 80
53 76
93 37
46 80
97 34
7 64
48 63
12 13
69 76
16 72
17 94
19 69
93 86
94 92
2 81
27 5
49 16
58 50
88 21
55 30
96 85
13 65
81 74
28 60
84 65
49 97
31 17
89 78
3 80
18 6
57 33
40 39
21 11
4 53
43 18
8 48
63 95
28 83
33 24
16 48
90 91
71 15
54 77
93 62
58 0
39 38
44 51
89 98
48 54
86 7
16 79
17 87
73 50
37 28
78 99
41 89
98 26
27 26
94 76
52 2
35 74
74 19
20 43
60 66
25 32
82 83
32 62
31 30
14 66
53 45
18 1
21 83
38 68
21 20
95 85
60 49
43 11
7 33
65 58
48 94
29 84
68 17
33 17
16 55
90 34
53 94
36 58
1 72
93 55
97 60
80 20
44 42
27 98
83 1
48 45
15 22
73 59
42 80
81 43
62 23
13 28
20 50
77 63
25 41
6 5
64 28
45 86
28 50
84 87
50 99
31 7
53 54
57 51
40 21
21 29
78 38
43 0
8 62
63 77
48 85
29 45
85 48
68 24
16 46
72 91
73 83
54 95
1 65
94 56
78 81
9 1
12 58
86 17
69 39
52 97
91 76
73 60
32 18
20 74
94 49
41 75
98 44
66 69
0 54
60 80
25 50
99 23
64 19
69 75
14 76
92 52
99 80
1 41
57 52
40 28
75 84
65 52
48 76
33 35
16 37
36 40
1 90
2 72
58 29
22 15
80 2
79 74
26 66
9 10
83 15
66 45
86 40
17 58
73 37
23 65
76 86
24 20
81 37
62 1
45 55
23 76
66 92
49 60
13 14
87 11
39 65
0 13
3 8
88 49
8 93
85 81
50 21
33 75
71 98
1 34
40 3
21 47
4 41
78 48
42 72
65 13
11 73
72 73
1 83
58 36
22 6
98 79
44 23
69 17
66 36
12 40
86 35
69 41
17 51
73 46
10 17
20 88
76 77
59 15
5 71
81 30
62 8
45 48
66 87
49 53
30 81
87 0
96 8
97 16
45 65
28 31
77 29
69 88
50 12
33 76
14 94
70 75
53 1
1 59
75 28
21 40
95 81
78 59
26 37
65 6
0 7
29 56
67 39
23 48
90 6
73 70
36 94
1 84
5 63
79 88
27 78
83 29
66 63
51 68
91 45
37 57
76 68
98 57
81 23
49 46
30 88
13 0
70 51
0 27
74 62
8 71
55 83
8 75
50 7
33 69
70 66
71 80
1 60
95 94
78 2
93 68
63 97
9 42
33 54
16 10
90 1
73 79
54 59
37 81
93 20
58 54
22 16
98 65
61 75
26 95
83 34
47 29
30 48
88 87
52 69
17 45
0 99
19 90
76 67
71 2
98 48
6 73
10 4
84 3
49 39
13 57
87 22
70 42
35 20
91 83
74 57
55 73
96 6
95 54
25 14
5 83
33 94
70 69
71 73
1 53
57 80
58 78
4 6
78 5
26 55
65 16
46 50
90 8
54 50
19 12
2 44
41 31
79 46
90 73
66 49
30 59
89 83
69 4
95 96
81 5
94 20
77 68
42 38
62 61
10 15
84 10
49 88
30 74
13 50
3 62
18 63
95 63
25 23
14 51
90 96
71 70
18 78
1 14
75 3
80 86
83 67
46 53
80 30
68 98
51 42
90 19
54 53
37 85
58 56
41 0
97 99
27 85
83 48
66 8
47 30
21 84
51 91
52 75
17 31
91 48
38 43
23 1
45 20
84 17
98 69
30 77
70 36
18 54
74 43
38 61
96 20
25 24
8 96
63 15
28 99
11 29
50 48
14 58
72 29
71 63
1 7
75 56
58 80
21 76
97 11
78 23
29 28
90 26
73 98
54 12
37 76
41 9
79 60
9 80
69 31
66 3
30 37
87 76
34 56
17 16
56 21
59 32
6 50
45 13
33 61
84 24
5 98
65 87
35 11
18 49
74 82
38 52
95 45
60 1
82 18
65 74
50 43
34 76
71 52
58 91
15 82
78 30
43 72
26 0
83 81
48 29
29 21
68 80
54 7
19 35
2 57
22 60
5 28
71 25
62 71
83 62
66 26
30 44
88 51
87 69
17 9
91 14
21 96
6 53
67 73
50 83
13 93
92 39
3 91
95 42
43 48
82 13
65 67
85 0
50 34
72 11
71 45
1 17
75 54
97 5
78 97
43 65
7 95
46 78
68 95
69 87
15 47
54 30
19 40
94 97
62 78
87 49
86 80
87 66
17 2
56 35
55 53
3 51
24 76
23 44
6 44
64 35
50 74
87 51
35 57
75 94
40 76
96 57
60 23
43 41
63 58
28 72
11 0
68 55
14 15
80 50
44 72
7 84
68 70
51 6
15 52
92 25
54 17
19 49
2 11
76 6
91 71
5 14
79 11
9 75
38 69
47 50
5 34
35 81
0 93
56 42
96 65
24 83
25 75
40 90
51 95
50 69
53 68
74 79
75 87
96 48
95 24
99 91
7 60
29 79
68 62
63 71
72 57
36 7
81 27
39 58
95 91
26 29
46 88
47 74
12 24
68 77
16 91
17 99
37 96
93 67
76 61
24 43
98 14
79 16
9 76
10 66
30 1
26 10
52 54
35 86
91 21
96 88
59 76
23 34
6 30
64 49
99 26
84 60
18 21
75 76
3 78
95 1
60 37
8 3
7 53
65 86
28 94
29 72
85 27
33 13
89 88
90 86
53 66
36 14
97 40
44 62
7 74
47 83
80 28
88 96
69 66
16 82
15 58
56 73
37 94
93 92
24 50
98 9
2 80
34 87
0 43
55 0
96 95
81 80
77 41
84 59
67 5
32 33
31 43
89 48
3 81
93 94
92 11
75 69
39 91
95 14
26 90
43 28
7 50
65 47
9 34
85 36
16 58
53 75
54 75
58 6
39 40
22 96
69 96
7 67
12 14
51 29
17 93
73 8
56 80
19 68
94 93
12 28
81 56
85 91
76 33
52 4
91 99
42 79
20 45
96 86
25 94
6 8
64 15
84 66
49 96
65 40
18 7
63 34
60 59
43 21
8 49
7 43
63 94
48 88
29 90
85 45
16 49
71 14
39 33
78 68
61 20
48 55
25 98
69 52
17 86
94 68
24 0
98 27
81 49
27 29
80 65
49 8
88 29
52 3
23 73
6 3
82 80
4 79
85 69
14 67
74 99
40 47
46 64
60 50
65 57
29 83
85 54
33 16
16 40
53 93
36 59
1 79
41 48
97 51
78 79
44 43
9 31
83 0
12 60
16 71
17 79
56 94
99 17
94 79
24 7
98 18
27 18
66 75
49 1
60 90
25 40
8 80
64 29
45 85
