39 70
43 3
100 112
63 76
104 115
33 41
110 41
80 12
9 0
52 98
76 88
42 88
5 84
62 31
119 90
113 37
99 22
28 10
14 77
71 100
18 112
75 97
38 119
8 38
99 103
85 56
41 34
61 63
17 57
37 54
98 36
74 13
40 117
23 84
84 102
107 79
70 81
40 4
12 90
103 27
2 64
97 70
79 82
103 104
49 52
35 105
25 3
116 68
102 51
21 55
78 56
7 4
68 118
54 33
115 53
105 15
111 33
24 99
6 87
30 89
0 28
77 34
63 19
33 68
53 9
110 90
114 41
43 111
100 20
63 96
29 48
90 14
19 6
5 39
9 60
66 55
86 50
109 115
113 112
119 62
109 4
95 49
4 112
28 110
85 107
71 72
75 13
4 7
51 36
41 30
88 95
51 85
112 101
37 42
84 11
13 49
70 34
40 81
3 103
64 119
2 36
93 101
97 98
55 41
45 19
106 3
116 88
25 31
58 81
21 75
78 20
68 106
115 17
87 79
34 57
20 4
111 69
10 62
87 60
63 55
90 115
39 14
80 69
100 8
29 20
15 33
5 27
62 68
15 86
56 29
42 16
119 2
75 88
38 44
95 21
8 111
65 66
14 5
89 68
75 41
47 71
17 112
112 50
94 102
50 75
13 85
70 14
3 67
60 16
36 25
83 94
46 86
12 98
103 35
16 101
36 104
79 10
35 80
116 13
25 74
45 119
102 104
106 103
7 63
72 58
21 111
48 3
101 2
34 93
20 24
77 25
6 31
67 31
39 93
114 30
43 38
100 93
63 43
33 12
39 50
114 113
86 11
15 5
56 74
19 62
76 53
62 96
9 116
119 113
52 62
56 57
113 56
28 39
18 13
75 68
38 72
95 9
4 72
99 74
28 86
85 35
88 104
51 28
17 92
112 94
41 86
118 68
74 22
23 51
64 0
84 67
70 106
40 41
60 52
117 5
36 61
26 119
103 71
69 51
49 15
35 76
92 107
55 17
59 82
25 38
116 97
82 81
106 91
92 26
21 18
11 36
58 9
44 36
48 47
34 14
111 12
34 97
91 112
20 60
53 52
100 113
110 46
80 13
9 7
119 85
66 67
52 18
109 31
113 36
85 86
32 78
71 103
18 113
38 116
95 109
99 102
8 39
41 33
61 62
27 114
118 49
88 68
17 56
94 62
13 12
84 103
50 19
12 91
16 30
22 4
97 69
79 93
12 42
45 46
49 43
31 111
92 79
55 117
82 53
11 64
68 119
58 45
44 8
105 14
34 18
111 32
6 84
81 21
30 94
91 92
53 8
39 101
114 38
80 90
43 110
100 21
19 9
5 38
86 51
52 71
109 114
113 119
62 56
109 3
28 111
18 85
75 12
4 0
65 22
118 29
47 19
88 32
84 20
13 48
70 35
74 46
64 72
93 100
22 32
79 49
83 50
69 11
55 40
59 45
25 109
31 67
82 25
1 5
115 16
20 5
111 68
24 64
43 61
63 54
90 112
39 9
80 70
100 9
29 19
5 26
9 95
119 108
66 24
86 95
52 91
56 30
76 97
42 17
119 29
38 45
4 85
95 20
8 16
99 81
85 14
89 75
71 47
47 70
17 119
112 51
94 103
27 58
3 53
50 72
13 84
70 15
40 78
60 17
64 84
36 26
22 93
97 28
69 94
73 27
36 105
2 9
79 21
55 12
59 73
116 14
82 106
45 118
49 115
106 100
31 39
35 32
92 55
11 59
68 56
58 114
78 113
10 64
87 82
34 90
0 86
20 25
111 88
24 92
57 20
39 92
63 42
29 70
90 84
53 64
39 45
114 110
100 45
86 8
56 75
19 65
76 54
62 97
119 112
52 63
56 58
113 63
32 35
14 119
38 73
95 8
65 45
85 34
47 90
112 95
41 85
118 69
74 23
3 17
50 108
107 101
70 107
117 4
16 51
36 62
93 59
97 56
69 50
73 55
49 14
35 79
92 100
59 85
116 98
45 90
102 21
31 27
106 88
78 34
68 28
78 77
44 37
48 32
105 17
20 78
111 15
81 40
101 37
30 99
87 118
20 61
77 60
114 3
63 78
33 47
110 47
80 14
9 6
86 20
52 108
113 74
42 70
5 82
62 29
119 84
109 30
38 26
99 24
28 4
89 18
38 117
95 108
4 45
65 9
13 11
40 119
64 109
107 65
40 6
46 28
12 84
73 66
2 94
97 68
22 5
79 92
83 25
103 106
59 0
31 110
92 72
55 116
116 70
82 50
21 53
78 62
7 6
68 112
54 39
58 42
115 55
44 9
105 13
0 111
77 79
81 20
6 85
30 95
0 30
63 29
33 90
110 88
39 100
100 22
104 81
90 12
5 37
9 34
109 113
56 3
42 58
62 57
119 56
4 114
65 100
28 104
32 107
14 47
89 110
71 74
18 82
75 15
4 1
95 64
65 21
51 38
112 8
41 28
27 81
17 27
37 40
112 103
84 21
13 47
70 32
74 47
40 83
3 105
60 14
117 75
50 52
107 45
83 68
46 56
103 57
97 96
25 108
49 86
55 88
82 22
11 30
1 4
58 95
7 106
48 25
54 3
115 19
30 40
87 73
0 75
77 115
6 49
67 37
90 113
39 8
62 74
9 94
119 111
86 92
15 80
109 85
56 31
113 18
76 98
18 39
75 90
95 23
8 17
99 80
65 64
85 13
32 119
71 46
51 2
112 52
61 101
47 54
3 52
23 41
64 38
70 12
40 79
60 18
64 85
107 9
22 82
83 96
12 28
103 93
69 93
73 26
2 6
55 15
96 68
82 107
102 110
31 38
96 51
7 57
72 60
21 109
48 5
105 52
68 72
67 112
81 92
67 1
100 95
63 85
90 85
80 35
86 9
19 64
119 115
52 56
56 59
113 62
14 116
75 70
38 78
4 74
28 80
27 104
88 106
51 30
108 21
17 82
37 31
112 80
94 64
27 25
88 25
3 16
64 2
13 119
107 100
117 3
36 63
93 58
46 112
103 65
73 54
49 13
31 117
106 54
35 78
116 99
25 36
82 79
45 89
106 89
31 26
92 20
78 35
48 82
72 88
115 90
44 38
34 12
81 47
87 113
20 62
39 67
114 0
80 112
43 4
63 73
90 41
80 15
9 5
86 21
113 73
5 81
66 65
52 28
109 29
28 5
85 84
14 80
18 111
38 106
95 111
99 104
61 60
118 55
88 70
17 62
37 51
13 10
74 8
3 12
117 118
84 97
50 17
70 84
26 38
12 85
93 30
2 95
22 26
79 95
26 73
12 36
69 21
45 44
31 105
106 42
35 106
55 119
59 112
82 51
78 63
68 113
72 116
20 99
111 34
77 78
81 11
63 28
110 89
80 92
29 13
90 13
19 11
5 36
86 49
56 4
119 59
109 1
99 55
28 105
75 14
51 41
37 70
112 9
41 3
61 64
47 29
51 86
84 22
13 46
70 33
3 104
23 117
83 71
36 119
2 35
22 38
97 103
79 51
31 77
106 14
25 28
58 92
21 72
44 95
48 26
68 85
115 18
30 41
34 52
0 76
111 70
24 66
81 119
87 57
43 63
29 96
57 111
76 12
66 22
86 93
109 84
38 35
95 22
85 12
14 8
71 41
108 50
112 53
27 60
47 49
17 6
3 55
84 42
13 82
3 68
60 19
36 4
97 18
79 102
26 30
46 85
69 92
36 107
93 70
79 23
35 85
59 75
25 79
49 113
31 33
35 34
7 56
72 61
1 103
58 112
21 108
68 73
101 15
87 108
91 105
20 27
111 90
77 22
39 94
100 88
63 84
104 27
33 1
90 82
110 17
100 47
86 14
56 77
76 48
56 60
113 61
32 37
14 117
38 79
4 75
8 14
99 79
28 81
85 32
47 100
51 97
17 81
37 30
41 91
98 28
64 3
50 106
74 100
40 44
60 55
117 2
97 62
26 114
46 113
69 48
31 116
106 55
35 113
55 18
96 97
59 87
102 11
106 70
31 5
92 21
21 31
78 32
7 28
68 30
1 67
58 20
115 93
48 34
20 72
111 9
81 46
6 111
101 35
67 111
20 63
80 113
104 119
33 45
110 45
9 4
52 110
56 105
19 95
42 68
5 80
62 3
119 86
52 29
109 28
99 26
85 83
14 81
18 108
75 101
4 47
8 42
99 107
65 15
88 71
17 61
37 50
70 58
74 9
3 15
60 100
23 80
64 111
70 85
26 39
46 34
16 17
93 29
22 27
97 90
79 94
103 100
31 104
35 109
92 74
55 118
59 115
82 48
102 55
1 62
21 51
11 69
105 98
54 37
58 40
115 57
30 50
34 17
24 103
6 75
10 6
67 75
30 93
53 21
110 94
57 82
39 102
104 83
90 10
9 32
66 51
86 54
109 111
56 5
113 116
42 56
62 63
38 4
8 119
85 119
14 45
18 80
4 3
98 85
47 28
51 89
17 25
94 25
84 23
74 45
40 85
60 8
64 75
26 59
46 62
2 32
22 39
97 102
79 50
55 37
102 64
55 90
72 2
58 93
44 88
68 86
87 75
91 12
111 65
20 0
77 113
6 55
67 39
104 32
57 110
39 10
80 57
43 79
100 52
19 38
76 13
62 72
86 82
42 28
119 30
18 37
75 92
38 32
4 80
95 17
99 82
65 70
28 78
75 45
112 54
61 99
27 63
47 48
88 63
3 54
64 56
13 81
3 71
60 44
36 5
22 80
79 97
26 31
83 98
12 30
103 95
93 69
79 22
35 84
59 74
116 9
82 105
102 108
49 112
31 32
106 99
92 50
96 53
11 60
68 59
72 62
115 64
78 116
44 60
68 74
10 79
30 10
87 111
0 41
91 104
111 101
6 19
81 82
67 3
39 89
114 26
43 26
100 89
104 28
29 67
110 22
114 109
100 40
86 15
56 78
42 97
62 100
119 77
28 35
32 38
18 9
8 15
28 82
85 47
61 22
118 41
27 106
51 96
17 80
37 29
94 70
41 90
88 27
74 18
3 18
23 79
84 79
70 110
40 45
60 48
36 57
93 56
79 69
46 118
103 67
69 63
106 52
25 42
116 109
82 77
31 4
106 71
7 31
68 31
72 90
48 35
105 22
111 8
24 12
10 99
30 102
20 56
114 62
63 75
29 39
90 55
80 1
9 11
15 101
113 79
76 85
5 95
119 81
52 30
38 25
8 92
28 7
32 66
14 86
75 100
38 104
4 40
8 43
99 106
65 14
27 118
118 53
88 72
17 60
37 49
3 14
117 116
70 74
26 36
46 35
12 87
73 71
2 93
12 38
69 19
59 5
49 47
92 75
55 113
59 114
116 65
102 52
1 61
58 70
11 68
105 97
68 115
72 118
54 58
115 56
30 51
34 46
91 35
0 98
77 76
81 9
101 70
30 66
63 30
39 97
43 98
100 17
63 111
29 11
5 34
9 39
109 110
56 6
18 62
38 5
85 118
18 81
75 0
4 12
95 77
51 43
37 68
112 11
41 1
47 31
51 88
108 95
94 30
23 6
70 39
40 86
3 106
60 9
50 51
26 56
103 58
69 102
36 113
25 113
45 14
31 79
35 8
55 85
11 19
72 3
58 90
21 86
115 103
68 87
20 1
111 64
87 59
43 49
39 5
80 58
100 53
19 41
5 6
62 73
119 104
56 34
119 25
18 34
112 55
98 118
61 98
17 4
3 57
64 57
13 80
70 3
3 70
60 45
36 6
26 28
12 31
103 94
69 90
73 31
2 5
79 17
35 87
25 77
82 102
35 36
92 51
11 63
7 75
48 56
68 75
67 117
30 11
87 110
34 86
20 37
111 100
114 27
100 90
90 80
53 76
114 106
56 79
19 69
56 62
28 60
89 58
38 77
99 113
28 83
85 46
71 15
118 46
47 102
88 109
51 99
17 87
94 71
41 89
98 26
27 26
118 89
88 28
64 5
13 116
70 111
117 0
93 55
97 60
26 112
12 3
73 59
35 115
92 96
45 86
31 7
106 68
78 38
58 18
115 95
6 109
81 44
30 103
87 114
20 57
77 56
63 74
110 51
80 2
9 10
86 40
56 107
113 78
76 86
42 66
5 94
62 1
119 80
109 26
38 30
99 28
8 93
28 0
14 87
89 22
18 106
75 103
95 104
8 44
98 79
61 57
118 10
27 73
74 55
3 113
60 102
117 115
64 97
84 108
50 12
107 69
70 75
26 37
46 32
103 17
12 80
16 19
36 94
93 27
22 25
79 88
103 102
12 39
59 4
102 90
31 106
92 68
55 112
116 66
58 71
72 119
58 54
115 59
30 48
111 47
77 75
6 73
10 4
33 94
110 92
57 80
39 96
80 95
19 12
5 33
9 38
66 49
56 7
42 38
62 61
119 52
28 100
85 117
32 111
71 70
18 78
4 13
95 76
51 42
37 67
41 0
98 83
118 22
51 91
17 31
70 36
40 87
3 109
22 74
83 72
12 116
73 98
97 100
79 60
59 32
116 55
25 112
102 70
31 78
55 84
82 18
72 4
7 102
48 29
105 92
115 23
34 51
91 14
0 79
111 67
24 69
10 56
67 41
57 3
63 61
39 4
62 78
9 66
119 107
52 32
113 22
18 35
75 94
4 82
95 19
28 72
14 15
47 77
108 45
112 40
118 114
3 56
64 58
50 69
13 79
3 73
36 7
79 99
26 29
12 24
93 67
35 86
55 11
82 103
45 113
49 118
106 97
68 37
54 112
1 100
44 62
105 56
0 43
91 106
20 38
81 80
6 17
57 31
39 91
63 81
90 81
39 40
15 3
42 111
62 106
28 61
38 66
8 49
99 112
71 14
61 20
118 47
47 97
88 110
51 98
17 86
112 84
94 68
118 94
3 20
60 67
23 73
84 73
74 99
2 119
97 51
26 113
73 58
31 113
106 50
55 111
96 100
25 40
116 111
102 14
31 6
106 69
21 28
78 39
68 25
72 92
78 86
44 34
34 8
20 75
24 14
6 98
10 97
87 13
20 58
114 60
80 116
29 37
33 34
66 42
86 41
52 105
19 96
113 77
5 93
109 25
38 31
8 94
99 31
32 68
14 84
18 107
65 12
98 76
118 11
27 72
88 74
17 50
37 63
13 6
70 57
74 52
3 112
23 109
84 109
50 13
12 81
73 69
97 95
26 85
83 28
103 97
45 40
49 45
106 22
92 69
55 115
25 4
82 47
21 48
44 119
48 114
105 103
34 44
0 100
91 37
111 46
77 74
101 68
30 64
87 17
0 19
91 82
63 24
90 102
53 18
110 93
57 87
100 19
63 105
104 86
19 15
86 53
52 77
109 108
56 8
113 105
42 39
62 34
119 55
18 60
95 62
99 59
28 101
85 116
89 113
18 79
75 2
4 14
95 79
37 66
61 92
47 25
88 38
51 90
17 30
70 37
3 108
60 11
117 86
50 49
107 32
22 75
97 10
103 52
69 100
16 112
25 119
49 73
31 73
106 10
92 41
82 19
1 31
21 84
78 31
7 97
48 30
68 81
10 86
30 45
87 68
34 48
0 64
111 66
20 3
6 42
57 2
43 51
63 60
53 118
57 115
100 55
5 4
62 79
9 65
119 106
86 81
109 80
113 21
18 32
38 39
4 83
8 22
85 8
14 12
17 105
37 102
112 41
41 99
98 116
61 96
23 36
84 54
70 1
3 72
60 47
97 22
79 98
12 25
103 88
2 3
79 19
55 10
59 79
25 83
116 20
45 112
102 99
106 110
31 45
35 38
7 52
72 33
54 113
7 69
105 63
24 51
67 119
30 9
34 84
20 39
57 30
39 90
43 31
104 31
33 5
90 94
53 74
86 2
56 81
62 107
52 5
113 49
18 4
4 55
95 118
85 44
71 9
61 19
27 111
88 111
108 18
17 85
37 26
112 85
94 69
27 28
118 95
3 23
64 7
50 102
60 51
117 14
2 116
31 112
35 117
25 47
82 72
45 84
31 1
106 66
92 17
68 26
48 38
34 9
20 84
111 21
6 99
87 12
91 73
0 8
77 54
110 70
57 58
114 61
63 116
90 50
80 4
9 8
86 46
52 106
19 99
113 76
76 80
5 92
119 82
52 25
99 30
8 95
85 95
89 20
14 85
18 104
75 25
4 43
95 106
8 46
99 111
41 42
61 55
47 4
88 75
51 65
112 113
37 62
94 33
98 60
74 53
26 35
46 38
103 19
73 68
22 31
97 94
26 82
12 33
59 6
45 39
102 88
31 84
106 23
35 17
59 119
82 44
102 43
1 50
58 69
44 112
115 61
34 45
81 14
6 79
10 2
30 65
0 20
63 27
90 103
80 81
100 28
19 14
62 80
86 74
42 36
18 61
28 102
14 49
75 5
112 14
98 81
61 91
118 20
23 3
13 41
70 26
74 41
40 89
3 111
60 4
117 85
26 7
12 118
2 60
22 59
79 62
59 34
25 118
116 49
45 11
102 68
49 72
92 42
11 20
54 106
1 30
58 89
115 104
78 28
48 31
68 82
30 18
20 12
77 109
81 106
10 38
104 36
53 117
80 61
100 48
19 42
76 9
119 101
52 34
56 37
119 26
14 98
18 33
38 36
65 90
28 74
85 23
14 13
71 36
75 33
17 104
37 101
112 42
94 110
118 112
47 60
88 3
3 58
23 39
84 55
70 6
74 77
60 40
22 84
26 27
12 26
2 0
79 18
96 90
116 21
25 82
82 101
102 96
49 116
106 111
68 39
72 34
115 68
7 68
48 59
105 62
10 75
30 14
34 85
20 32
111 97
6 23
81 86
39 85
100 69
63 83
39 42
9 19
86 3
56 82
19 70
119 73
86 114
109 51
28 63
89 63
18 5
38 64
95 113
61 18
118 45
112 86
98 25
118 92
27 31
3 22
64 24
50 103
40 17
16 42
36 37
2 117
12 62
69 59
73 56
31 115
106 48
35 116
55 105
96 102
82 73
21 26
78 37
68 27
72 94
1 70
44 28
101 46
87 15
0 9
114 58
80 118
33 32
90 51
80 5
86 47
52 107
76 81
62 4
119 45
52 26
109 23
32 70
14 90
71 95
75 24
38 108
4 20
95 85
61 54
27 74
88 76
108 119
98 61
13 4
70 63
3 114
60 97
117 112
64 100
84 111
107 70
40 13
73 75
22 28
79 37
83 30
12 34
103 99
69 31
59 25
45 38
31 87
106 20
59 118
21 62
44 113
54 62
30 55
91 39
111 40
81 13
30 70
90 100
57 85
39 29
43 102
63 107
104 88
19 17
66 12
86 75
52 79
15 69
109 106
56 10
113 111
42 37
62 32
18 58
95 56
99 61
85 114
89 119
75 4
4 8
118 21
27 86
51 92
17 28
94 2
23 2
84 28
50 92
13 40
70 27
74 86
3 110
60 5
23 115
117 84
22 73
46 67
12 119
73 103
55 32
59 37
116 50
102 69
49 79
106 8
55 81
96 46
82 17
58 102
44 85
105 65
68 83
54 26
115 24
30 19
34 78
6 40
101 102
10 39
57 0
63 62
104 37
57 113
114 66
80 62
100 49
15 40
19 45
5 2
62 77
9 71
119 100
86 87
15 89
113 11
42 25
32 31
18 30
38 37
4 93
71 39
75 32
61 13
51 11
17 111
37 100
47 63
3 61
64 61
13 76
60 41
117 40
107 14
36 2
79 108
26 24
103 90
69 70
16 94
73 3
2 1
79 29
35 91
55 4
59 65
116 22
45 110
102 97
49 107
31 47
35 40
21 5
11 51
68 32
21 118
48 60
101 9
87 106
20 33
57 28
114 23
90 92
114 102
80 26
9 18
86 0
19 73
42 106
5 102
62 105
119 72
66 116
86 115
52 7
113 55
28 56
32 59
89 62
18 2
4 49
95 112
99 117
85 42
61 17
118 34
27 97
37 24
94 75
27 30
13 31
74 31
3 25
23 74
64 25
50 100
70 99
74 110
40 18
46 8
36 38
97 48
22 113
12 63
69 58
73 63
49 6
35 119
116 106
82 70
31 3
106 64
7 26
68 4
58 30
115 35
20 86
6 97
81 32
101 45
30 107
87 14
34 118
77 52
110 68
57 56
114 59
80 119
29 34
33 39
66 41
56 111
113 66
62 5
119 44
66 88
109 22
32 71
14 91
71 94
18 102
95 84
41 40
51 67
17 55
37 60
112 115
94 39
3 117
60 98
26 33
12 76
73 74
2 86
22 29
79 36
26 80
69 30
102 94
31 86
96 3
116 78
25 9
82 42
1 48
105 100
54 63
30 52
34 43
0 103
20 106
111 43
81 12
67 49
30 71
0 22
63 5
33 82
39 28
19 16
62 86
9 42
66 13
109 105
113 110
119 48
38 62
99 60
28 96
85 113
89 118
71 66
18 74
75 7
4 9
51 46
37 79
94 112
98 111
61 89
17 19
108 84
84 29
13 39
3 81
23 114
117 83
64 65
26 5
69 97
16 115
22 57
79 56
25 116
49 78
106 9
31 74
55 80
11 22
58 103
21 81
115 106
68 92
30 16
111 79
81 104
57 7
104 38
53 115
39 0
43 69
100 50
42 119
5 1
62 114
9 70
119 103
52 44
109 77
42 6
119 20
18 31
4 94
95 31
8 25
65 88
28 68
14 19
89 82
71 38
75 35
51 10
108 41
17 110
112 44
88 5
3 60
64 62
13 75
107 112
74 75
40 55
117 55
107 1
36 3
22 106
79 111
26 25
83 104
12 20
103 85
73 2
96 92
82 99
45 109
106 109
92 8
68 33
72 36
115 70
10 73
30 12
34 83
111 99
81 84
53 38
100 71
29 93
104 2
33 26
90 93
110 24
19 72
62 110
86 112
113 54
28 57
89 61
18 3
4 50
95 115
8 53
99 116
85 41
41 51
118 35
47 109
51 102
37 7
112 72
94 72
41 92
27 17
13 30
74 28
84 85
107 92
117 11
46 9
2 115
22 118
83 4
69 57
73 62
106 62
35 118
25 44
82 71
31 2
72 64
34 4
67 84
87 9
0 11
114 56
63 113
90 49
110 52
66 38
86 45
56 112
19 100
113 65
42 79
62 10
109 21
38 19
99 3
28 29
32 88
89 25
38 98
4 22
95 87
41 47
98 72
61 52
47 1
51 66
37 59
94 36
70 61
60 99
64 102
84 105
50 9
107 56
70 76
40 15
26 46
46 37
16 8
93 22
22 18
79 39
45 36
49 33
106 18
35 18
55 79
25 8
116 79
102 46
1 55
58 64
21 60
44 115
58 51
115 62
111 42
77 70
24 110
81 3
30 68
91 86
63 4
110 97
39 31
114 92
43 88
100 31
104 90
66 10
86 73
15 71
113 109
62 38
119 51
18 56
95 58
28 97
85 112
14 52
71 61
75 6
4 10
51 49
37 78
112 1
41 11
88 42
51 94
17 18
23 28
84 30
50 90
13 38
70 25
117 82
107 36
22 79
97 14
26 2
12 113
73 101
79 59
59 39
116 60
35 14
11 9
115 109
11 102
30 17
34 76
0 68
20 15
24 74
101 100
10 37
104 39
114 64
43 68
19 47
62 115
119 102
86 85
56 40
113 9
14 97
89 32
4 95
95 30
8 26
75 34
47 72
17 109
112 45
94 109
118 119
88 6
3 63
64 63
13 74
74 72
40 56
3 76
36 12
93 45
97 42
26 102
83 107
12 21
103 84
69 68
2 31
93 94
79 31
35 93
55 6
45 108
102 103
31 41
68 34
21 116
115 73
105 35
24 55
81 58
10 118
101 55
30 13
87 100
20 35
111 98
77 14
6 10
57 34
39 86
100 64
63 92
104 3
53 86
80 28
86 6
15 14
56 85
19 75
62 111
66 114
86 113
109 48
28 58
85 71
38 71
8 54
99 119
65 59
85 40
71 5
51 105
108 14
17 73
37 6
41 67
13 29
74 29
23 68
50 98
13 110
70 97
40 20
117 10
22 119
79 66
73 61
45 63
49 4
55 106
25 51
82 68
31 13
106 78
21 39
78 40
11 81
68 6
58 28
105 31
34 5
20 80
111 17
24 19
81 38
10 106
34 116
110 74
57 62
63 112
90 62
9 12
86 34
56 113
19 103
42 76
5 88
66 86
28 30
32 89
71 88
75 29
38 99
95 86
41 46
98 73
118 12
27 79
88 79
51 69
37 58
112 117
98 56
40 97
23 104
70 77
46 42
73 72
97 82
79 38
59 26
45 35
106 19
116 72
102 47
21 59
48 119
105 106
54 61
115 1
30 58
34 41
20 116
24 111
67 51
30 69
63 7
53 29
110 102
57 90
39 30
104 91
90 18
19 18
62 84
86 78
52 74
15 70
109 103
76 112
62 39
4 100
95 37
99 62
28 98
18 72
95 74
94 118
47 36
88 43
23 31
84 31
50 91
70 30
64 67
50 42
97 13
69 111
83 63
55 61
116 61
106 119
92 38
55 82
21 95
115 108
48 19
68 94
34 77
91 4
0 69
24 75
57 5
29 119
90 71
39 2
100 60
19 46
5 15
62 112
66 111
86 106
109 75
56 41
113 8
119 22
32 18
14 102
89 39
38 88
8 27
28 70
14 17
71 32
37 97
112 46
98 113
118 116
27 55
88 7
3 62
64 48
74 73
60 36
117 53
83 106
103 87
16 81
79 30
55 1
25 86
82 97
45 107
102 100
106 107
35 45
21 2
68 35
72 38
44 52
7 64
10 119
101 54
30 114
87 103
111 109
100 65
90 91
110 30
39 38
114 101
9 23
56 86
113 91
42 105
62 108
119 69
52 2
109 47
28 59
85 70
32 62
75 112
4 60
85 55
71 4
47 111
88 116
51 104
37 5
41 66
27 19
118 80
84 87
70 102
117 9
22 116
97 53
79 77
69 39
73 60
45 62
49 59
55 101
25 50
116 117
82 69
45 79
31 12
106 79
1 41
48 76
68 7
72 66
54 86
20 81
24 20
81 37
30 110
87 11
33 75
57 61
39 117
100 101
29 63
90 63
86 35
52 119
56 114
76 77
5 71
62 8
109 19
38 17
8 68
28 31
85 90
32 90
14 94
89 31
38 96
88 80
51 68
108 115
37 57
112 118
74 62
3 118
70 66
12 79
73 79
2 85
79 33
26 95
83 34
59 29
45 34
35 20
55 73
25 14
116 73
78 5
115 0
77 68
81 1
63 6
90 96
53 28
114 90
39 25
5 42
62 85
86 79
15 65
56 14
113 99
76 113
42 33
62 36
119 13
18 54
38 61
65 113
28 99
32 102
14 58
18 73
75 56
112 3
94 119
61 86
88 44
17 16
108 87
23 30
50 88
3 82
22 77
46 71
12 115
103 50
2 57
55 60
116 62
49 67
31 55
106 116
35 48
92 39
82 13
44 81
7 95
48 20
68 95
30 23
34 74
20 9
101 98
67 46
57 4
104 41
29 118
90 68
53 112
110 3
39 61
80 50
19 49
5 14
62 113
9 75
119 96
56 42
42 5
119 17
18 26
75 87
28 71
85 18
14 22
75 36
47 74
51 15
17 99
94 83
98 14
118 117
64 49
84 60
107 117
74 118
40 58
60 37
107 2
2 106
93 43
97 40
22 105
26 100
103 86
93 92
79 25
96 95
59 69
25 85
116 18
102 101
49 111
31 43
11 55
68 44
81 56
30 115
34 110
20 45
6 8
81 73
100 66
29 90
33 31
90 88
110 31
39 33
80 30
15 8
113 90
76 42
62 109
119 68
66 112
86 119
52 3
109 46
113 43
28 52
32 63
71 118
38 69
4 61
8 56
85 54
41 48
118 38
47 110
88 117
51 107
17 79
112 75
94 79
41 65
27 18
74 27
60 90
74 106
40 22
73 82
12 59
69 38
73 35
55 100
116 118
31 15
21 37
68 0
44 25
34 3
111 19
77 95
0 14
57 60
43 113
100 102
29 62
90 60
5 53
9 50
66 37
52 112
56 115
113 70
119 40
38 22
99 4
28 24
85 89
89 30
71 90
4 17
95 80
37 87
61 49
47 2
37 56
112 119
84 5
13 63
70 48
74 63
23 106
84 116
50 4
26 45
36 70
2 82
97 80
26 92
59 28
45 33
102 82
49 38
31 82
55 72
25 13
82 38
102 45
72 16
105 104
30 56
34 39
20 118
111 55
24 113
10 12
30 75
33 86
90 97
110 100
57 88
39 24
80 87
43 93
100 26
19 20
62 90
9 46
66 9
86 76
109 101
56 15
113 98
42 46
62 37
119 12
18 55
38 50
4 102
32 103
71 62
75 59
51 50
112 4
61 85
17 23
94 7
23 25
70 28
3 85
60 2
107 25
22 66
97 3
93 119
22 61
79 4
55 63
59 56
116 63
49 66
92 32
11 10
115 110
44 82
7 94
48 21
68 88
115 31
101 16
34 75
0 71
111 75
63 37
29 117
90 69
100 62
15 55
19 48
42 115
62 118
9 74
119 99
86 104
109 73
113 14
32 20
14 100
18 27
75 86
85 17
89 86
71 34
75 39
47 85
108 37
37 111
118 74
3 32
84 61
93 42
2 107
22 110
97 47
79 107
46 96
103 81
73 6
2 26
55 3
59 68
45 105
102 26
106 105
35 47
68 45
72 40
21 113
115 74
48 49
24 58
81 63
10 117
101 52
30 112
87 97
34 111
91 98
6 9
81 72
39 83
100 67
63 89
29 89
90 89
110 28
86 5
56 88
113 89
62 18
66 113
86 116
109 45
28 53
85 68
32 48
14 64
4 62
8 57
65 56
41 55
118 39
27 100
37 3
112 76
94 76
74 24
64 30
84 81
74 107
117 23
46 13
73 81
36 35
93 14
2 79
97 75
83 8
45 60
25 48
116 119
31 14
1 47
72 68
54 84
58 27
115 38
105 28
111 18
6 90
81 27
101 40
10 105
87 5
77 47
110 73
39 119
114 52
100 103
104 98
5 52
86 33
15 111
56 116
19 104
113 69
5 69
62 14
119 43
109 17
65 107
28 25
85 88
32 92
89 29
71 85
75 30
38 102
4 18
112 25
37 86
41 19
118 3
47 13
88 82
17 42
108 109
112 104
98 55
84 6
13 62
70 49
74 60
40 100
84 117
50 5
70 64
46 41
12 73
36 71
97 87
79 35
49 37
92 93
55 75
116 75
25 12
82 39
102 34
1 11
48 106
68 101
115 2
30 57
91 61
20 119
6 70
10 13
87 41
90 110
100 27
90 17
19 23
86 77
15 67
109 100
113 97
76 115
62 42
32 9
18 52
38 51
65 119
14 56
75 58
37 74
98 104
61 84
47 33
94 4
23 24
50 86
70 29
74 80
60 3
64 70
12 109
55 62
116 56
45 4
106 114
11 13
21 92
115 113
68 89
115 30
101 31
34 72
20 11
81 99
10 33
63 36
33 113
39 63
80 52
100 63
76 0
42 112
5 12
62 119
66 106
52 41
42 3
75 73
4 91
95 26
89 85
75 38
108 38
112 33
98 12
27 8
118 75
88 10
84 62
107 119
40 60
2 104
79 106
26 98
12 17
73 5
93 90
79 27
49 28
116 28
45 104
102 27
31 21
106 86
35 46
92 5
11 41
72 41
54 73
1 115
58 4
115 77
10 114
34 108
111 110
81 79
6 14
67 12
39 82
100 76
63 88
53 82
114 96
9 20
19 79
42 84
62 19
9 101
86 117
52 13
14 65
75 117
4 63
41 54
61 43
27 103
88 119
51 109
41 71
118 87
27 20
13 25
74 25
3 31
60 84
84 82
50 30
107 83
70 101
46 18
36 44
22 11
79 78
26 70
45 59
55 102
59 99
102 7
106 74
68 2
72 69
54 85
1 95
58 24
115 41
105 3
34 1
20 92
77 93
24 23
30 109
33 72
53 5
39 118
80 109
100 96
104 99
29 60
90 58
110 57
86 38
52 114
113 68
119 42
38 20
99 6
28 26
85 103
32 93
14 93
18 96
38 103
4 19
112 26
37 85
118 0
51 73
17 41
108 110
112 105
37 38
98 52
13 61
70 54
74 61
40 101
107 63
70 65
26 43
12 74
69 119
2 80
22 23
26 90
83 39
69 24
25 98
116 37
45 31
102 80
31 92
106 31
35 25
55 74
96 25
116 84
25 19
72 18
11 113
68 102
58 60
115 5
30 62
34 37
111 49
20 112
24 115
101 75
87 40
63 3
90 111
110 106
39 26
43 95
100 4
104 95
90 30
9 44
86 66
56 17
113 96
119 14
18 53
38 48
99 34
71 56
75 61
51 52
37 73
98 105
47 32
94 5
40 65
3 87
60 28
117 93
50 38
83 82
46 74
69 107
73 104
36 100
2 52
93 117
79 6
59 58
45 3
49 64
31 48
106 115
92 34
11 12
1 22
115 112
7 88
48 23
68 90
30 26
87 95
111 85
81 98
101 111
57 9
43 42
63 39
33 112
90 67
39 62
100 56
15 49
19 50
62 116
86 110
109 71
56 45
113 12
119 18
32 22
14 106
18 25
75 72
38 92
4 68
95 5
65 82
14 21
71 28
51 16
17 96
108 39
61 119
118 72
3 34
84 63
40 61
2 105
97 45
79 117
26 99
46 102
12 18
69 79
2 24
49 19
106 87
21 14
58 5
115 76
44 48
30 118
20 40
67 15
57 37
100 77
63 91
90 39
110 34
39 34
80 17
86 27
56 90
113 95
42 85
5 111
9 100
119 65
66 79
52 14
28 55
32 50
14 70
75 116
4 56
8 59
65 62
85 51
71 0
118 37
27 102
3 30
84 83
13 105
107 82
40 25
46 19
73 87
36 45
22 8
79 73
103 119
69 35
45 58
116 113
82 65
45 75
102 4
7 19
48 64
11 84
105 113
68 3
54 42
105 2
34 30
111 28
6 88
101 86
67 90
30 82
34 113
0 1
91 64
33 79
114 50
80 110
100 97
29 59
90 59
110 62
5 50
66 32
86 39
15 105
56 118
19 106
62 12
119 37
65 105
28 27
85 102
14 34
18 97
4 28
37 84
41 17
51 72
17 40
112 106
84 0
70 55
84 119
107 62
26 40
46 47
12 75
69 118
73 115
22 20
79 45
83 38
69 7
59 17
25 97
116 38
45 30
102 81
49 91
31 95
92 95
96 26
25 18
116 85
82 37
102 32
72 19
1 9
11 112
105 109
68 103
72 98
30 63
91 63
24 116
81 5
6 68
10 11
110 107
39 21
114 86
80 74
104 64
90 31
19 25
76 30
5 22
62 89
66 4
56 18
113 103
62 40
38 49
4 97
8 100
14 62
75 60
51 55
41 13
61 82
27 46
118 109
47 35
23 26
84 36
70 19
3 86
60 29
117 92
64 88
50 39
22 65
26 12
83 85
103 46
12 111
69 106
2 53
97 113
79 1
55 56
116 58
106 112
96 38
68 52
68 91
54 18
101 29
30 27
34 70
0 90
111 84
20 21
77 100
67 18
57 8
104 45
33 119
110 7
62 117
86 111
56 46
113 3
28 44
14 107
18 22
38 93
95 4
8 0
65 81
28 67
85 30
61 5
47 86
17 103
37 108
61 118
118 73
3 37
23 62
64 53
13 68
40 62
93 39
22 109
79 116
26 96
46 103
12 19
103 82
16 86
49 18
55 28
96 83
25 89
116 30
82 90
45 102
102 25
49 99
31 23
68 40
67 97
30 119
34 106
20 41
57 36
63 90
80 18
9 26
86 24
15 20
42 82
62 17
9 107
119 64
113 47
32 51
14 71
4 57
8 60
71 3
41 52
61 41
108 4
94 51
41 69
27 22
118 85
13 23
60 86
117 99
50 28
107 85
70 91
40 26
73 86
79 72
26 68
12 55
69 34
73 39
45 57
49 62
92 116
59 101
45 74
102 5
106 72
11 87
105 112
68 12
72 71
111 31
20 94
24 25
81 24
101 85
67 93
30 83
87 6
0 2
53 3
110 76
57 64
80 111
100 98
90 56
86 36
56 119
19 109
42 54
62 13
119 36
109 14
38 10
85 101
14 35
75 19
95 92
65 25
112 28
47 14
88 85
17 47
37 36
112 107
98 50
74 59
84 112
107 49
70 71
26 41
12 68
16 15
2 46
22 21
97 84
79 44
25 96
102 86
49 90
106 29
35 27
25 17
116 86
72 20
58 75
21 69
48 109
105 108
68 96
72 99
54 55
30 60
34 35
101 73
30 79
63 13
29 109
39 20
114 87
29 30
19 24
5 21
62 94
52 80
56 19
113 102
76 110
62 41
119 8
65 116
71 58
75 63
112 56
37 119
118 98
88 49
84 37
13 95
74 95
60 30
50 36
36 23
22 70
97 7
83 84
73 110
36 102
93 115
22 49
97 112
79 0
55 59
59 60
82 119
102 114
49 70
96 39
82 6
1 20
58 111
115 114
78 106
101 28
34 71
20 22
111 87
24 81
101 109
43 44
29 113
90 65
110 4
80 55
15 51
56 64
76 3
5 9
14 104
89 41
75 74
38 82
95 7
65 80
85 29
89 90
71 30
61 4
47 81
17 102
94 84
41 104
61 117
88 13
3 36
107 104
74 115
60 34
36 11
93 38
2 103
26 97
73 10
2 22
55 31
25 88
116 31
82 91
45 101
102 30
49 98
31 22
92 0
21 12
54 76
1 112
58 3
105 36
24 62
81 51
30 116
0 39
6 13
81 76
39 79
43 8
63 69
29 85
33 18
90 37
80 19
9 25
86 25
56 92
19 80
113 93
9 106
119 67
113 46
28 49
85 64
32 52
14 68
71 109
75 118
4 58
71 2
41 59
61 40
118 59
51 110
112 64
94 48
13 22
74 4
60 87
70 88
117 19
36 47
2 75
22 14
97 79
79 75
103 113
73 38
45 56
49 61
31 101
106 38
92 117
55 99
96 112
59 100
25 52
116 115
102 58
31 10
1 35
11 86
68 13
115 42
20 95
24 26
30 80
87 1
53 2
114 48
100 99
104 102
90 57
5 48
9 53
86 37
76 75
119 39
8 74
65 111
28 21
85 100
32 80
14 32
71 81
37 82
112 29
41 23
27 68
88 86
108 105
98 51
13 58
70 53
74 56
50 1
70 68
26 54
46 45
73 113
2 47
93 110
97 107
83 40
69 5
116 32
31 89
106 26
35 26
92 89
96 28
102 38
72 21
58 72
78 15
68 97
58 59
30 61
91 49
10 9
101 72
30 76
87 37
63 12
104 51
90 106
39 23
80 76
43 80
90 29
19 27
5 20
62 95
9 81
66 2
86 65
52 81
15 79
56 20
42 43
62 46
4 99
95 34
14 60
18 67
51 57
108 62
37 118
41 115
98 100
61 80
88 50
17 10
94 8
50 82
74 92
40 68
3 88
117 90
50 37
97 6
69 104
73 109
36 103
2 51
22 54
82 116
31 61
92 61
11 1
72 49
1 107
21 88
115 117
44 79
68 69
10 90
87 88
34 68
0 92
111 86
81 103
43 47
100 84
63 32
29 112
39 59
100 59
56 65
52 53
56 48
28 46
89 40
14 105
18 20
75 77
38 83
4 71
95 6
85 28
14 24
61 3
47 80
51 21
108 34
112 37
37 106
61 116
23 56
84 58
50 118
13 66
60 35
117 62
2 100
22 99
97 34
46 101
12 13
69 76
16 72
2 23
93 86
35 69
55 30
96 85
116 24
82 88
45 100
102 31
31 17
106 82
11 45
68 42
72 45
54 77
1 119
105 43
20 68
111 5
24 63
111 106
6 2
39 78
29 84
90 34
80 20
15 22
56 93
42 80
62 23
113 45
28 50
85 79
14 69
4 59
8 62
65 51
61 39
118 56
37 14
41 75
117 97
64 19
84 94
70 89
40 28
73 84
2 72
22 15
26 66
103 112
73 37
45 55
31 100
92 118
55 98
96 113
25 59
82 60
45 72
102 59
1 34
68 14
72 73
54 41
34 29
6 95
0 4
57 70
80 97
43 119
104 103
29 56
90 6
5 63
19 111
5 64
62 51
119 38
109 12
38 8
99 10
28 22
32 81
75 21
95 94
4 31
112 30
37 81
41 22
61 75
118 4
88 87
37 34
94 45
70 42
60 116
107 51
70 69
12 70
97 106
25 102
116 33
102 84
49 88
106 27
92 90
55 70
96 29
25 23
116 80
102 39
58 73
11 117
105 82
72 101
54 53
58 56
30 34
34 33
0 113
6 59
101 119
87 36
39 22
114 85
100 0
29 28
90 26
5 19
62 92
15 78
109 95
113 100
119 10
32 14
18 49
4 108
95 45
99 38
71 52
112 58
37 117
41 114
98 101
27 35
88 51
94 9
50 83
70 22
64 91
93 113
22 55
79 2
116 5
82 117
49 68
92 62
82 4
11 0
72 50
115 116
68 70
34 69
77 97
81 102
101 107
100 85
29 79
33 116
80 41
100 36
56 66
5 119
9 76
113 0
42 12
28 47
14 110
18 21
75 76
95 1
99 66
65 86
14 25
89 88
17 100
94 90
41 110
61 115
3 38
60 77
107 106
74 113
117 61
2 101
79 113
12 14
69 75
35 68
96 86
59 90
116 25
25 94
82 89
102 28
106 83
68 43
105 42
111 4
0 57
20 52
111 117
57 41
39 73
114 10
86 31
56 94
19 82
62 20
119 93
109 39
113 44
99 17
28 51
32 54
4 36
85 63
41 57
61 38
51 112
112 66
41 74
3 2
23 95
84 95
70 94
73 91
93 8
2 73
97 77
79 85
26 67
12 50
103 115
73 36
59 9
49 51
31 103
92 119
96 114
59 102
82 61
45 71
1 33
78 49
48 68
72 74
1 82
58 37
115 44
20 89
111 24
24 28
101 82
87 3
91 68
57 69
39 109
100 109
5 62
9 59
76 69
42 53
119 33
38 9
28 23
85 98
71 83
75 20
65 30
112 31
61 74
27 70
118 5
108 107
98 49
84 12
60 117
117 68
64 112
26 52
46 51
73 119
22 40
97 105
59 21
116 34
45 26
102 85
49 95
35 28
92 91
55 65
25 22
82 33
102 36
58 57
30 35
34 62
91 51
0 114
111 60
6 56
10 55
29 106
33 111
90 104
53 100
110 111
114 82
39 17
100 1
104 68
90 27
19 29
5 18
62 93
9 87
109 94
113 27
42 41
62 44
119 5
18 46
38 53
4 109
95 44
99 41
85 6
14 2
18 65
51 59
112 59
37 116
27 34
17 8
108 79
94 14
23 22
50 80
74 90
60 25
117 88
107 30
97 4
26 8
73 19
36 97
93 112
22 52
97 117
79 13
59 49
25 65
82 114
102 113
92 63
82 5
68 48
72 51
21 102
115 119
54 22
24 37
10 88
30 31
111 80
6 36
100 86
63 34
104 17
114 118
80 42
100 37
19 57
5 118
66 100
28 40
75 79
38 81
8 4
85 26
14 30
61 1
47 82
51 23
108 28
37 104
98 6
61 114
3 41
50 116
70 115
60 61
117 60
93 35
2 98
22 97
83 117
2 21
49 22
55 24
59 93
82 86
102 29
31 19
92 3
68 20
72 47
58 14
44 45
111 7
20 70
101 61
34 102
111 116
81 65
100 74
63 70
90 32
80 22
9 30
86 28
52 100
15 16
56 95
113 82
76 34
62 21
9 111
119 92
66 72
113 35
99 16
28 12
32 55
14 75
75 107
95 100
85 62
41 56
118 62
47 118
51 115
112 67
41 73
60 82
117 111
13 100
40 30
73 90
36 42
22 13
97 76
79 84
59 8
49 50
106 37
31 102
92 112
82 58
45 70
102 57
48 69
11 75
68 8
72 75
54 47
1 81
58 34
105 5
34 27
111 27
81 28
6 93
110 80
39 108
80 99
43 105
100 110
104 105
33 51
19 0
5 61
9 58
86 56
76 70
42 50
5 78
62 49
119 32
14 39
71 82
18 90
4 25
95 88
37 95
112 16
41 20
61 73
118 26
88 89
51 79
17 35
37 32
112 111
23 13
84 13
74 39
40 107
3 97
60 118
117 67
103 1
69 113
16 3
73 118
22 41
79 40
69 2
116 35
31 90
96 31
116 82
82 30
102 37
21 65
78 18
48 97
68 108
72 103
34 63
0 115
91 50
111 63
87 38
110 108
80 79
100 2
29 26
104 69
90 24
9 86
86 68
56 23
113 26
62 45
119 4
38 42
95 47
4 110
28 116
14 3
51 58
112 60
41 112
98 99
61 109
47 46
23 17
70 20
117 39
50 32
97 27
26 9
73 18
36 98
2 14
93 79
97 116
79 12
59 48
25 64
31 62
92 56
82 2
68 49
48 13
30 28
91 30
20 18
77 31
24 85
6 37
81 100
57 19
100 87
63 45
104 18
33 10
80 43
56 68
19 56
76 63
5 117
9 114
86 96
28 41
14 108
89 45
18 19
38 86
4 66
95 3
28 88
85 25
14 31
61 0
17 90
41 108
61 113
60 79
64 10
107 108
40 35
16 60
93 34
97 39
26 109
103 73
69 73
2 18
93 83
35 70
92 109
55 27
82 87
45 97
102 18
31 18
106 81
7 37
1 116
48 41
111 6
24 2
81 55
67 100
0 59
20 54
111 119
53 42
39 75
100 75
104 14
90 33
80 23
52 101
15 19
76 35
5 105
62 26
9 110
66 73
52 20
113 34
99 19
85 76
89 9
18 119
38 114
4 38
95 103
8 33
85 61
61 36
47 113
37 11
112 68
94 52
41 72
98 43
13 18
40 112
3 4
50 25
117 31
2 71
93 6
22 2
97 67
79 87
103 109
69 45
59 11
106 34
96 116
25 56
82 59
45 69
7 9
48 70
1 80
58 35
105 4
91 41
77 86
6 82
10 17
67 64
30 84
91 70
63 20
80 100
100 111
29 53
5 60
9 57
19 112
42 51
62 54
119 35
109 9
28 17
85 96
75 22
51 33
112 17
61 72
118 27
27 88
88 90
17 34
112 96
94 16
84 14
74 36
3 96
60 119
64 114
107 52
12 65
103 0
69 112
36 79
97 111
79 43
25 107
31 69
106 6
35 30
25 20
82 31
58 84
7 109
11 118
54 8
34 60
0 116
111 62
67 60
110 109
57 103
80 64
100 3
19 31
76 20
62 67
66 30
15 75
109 92
113 25
38 43
4 111
8 106
28 117
85 4
14 0
75 50
112 61
47 41
17 14
84 34
13 90
74 88
40 72
3 92
60 27
117 38
64 94
97 26
26 22
103 36
73 17
79 15
55 54
59 51
116 0
102 119
31 57
35 58
82 3
54 101
21 100
105 51
54 20
24 39
10 70
30 29
87 84
20 19
24 86
100 80
104 19
90 74
53 70
110 9
100 39
5 116
9 113
52 49
109 64
56 52
113 5
28 42
14 109
38 87
95 2
8 6
85 24
14 28
61 31
51 25
61 112
3 43
60 72
64 11
84 70
50 114
70 113
60 63
79 114
26 106
12 9
103 72
69 72
2 19
35 73
92 110
25 35
116 100
82 84
7 36
72 81
6 119
101 59
67 103
34 100
81 71
39 74
114 9
100 116
63 64
52 102
56 97
113 80
76 92
42 92
9 109
119 94
66 70
113 33
8 83
28 14
71 104
18 116
75 109
38 115
4 39
8 34
65 55
41 62
118 60
37 10
112 69
13 17
84 90
107 75
70 93
46 26
103 31
36 84
93 5
2 68
22 3
97 66
79 86
73 41
49 48
31 96
106 35
35 101
92 114
82 56
45 68
102 63
7 8
1 87
115 49
34 25
111 37
20 100
81 18
10 30
30 85
77 38
110 86
63 100
104 107
29 52
33 49
19 2
5 59
86 62
19 115
62 55
38 12
85 111
32 85
14 37
89 100
75 9
65 19
51 32
112 18
41 26
61 71
51 81
108 102
37 46
112 97
94 17
74 37
3 99
60 112
64 115
26 51
12 66
103 3
73 116
36 72
97 110
79 42
69 0
55 45
59 22
31 68
106 7
35 1
92 86
55 66
96 17
25 27
116 92
82 28
1 2
21 79
68 110
30 38
91 52
0 117
111 57
6 63
63 11
90 119
53 97
110 114
57 102
39 18
80 65
104 71
19 30
5 31
62 64
52 94
15 74
56 25
113 24
76 100
119 6
32 2
38 40
85 3
32 113
51 60
37 113
112 62
41 118
98 97
118 100
88 55
17 13
23 19
84 35
50 79
70 10
3 95
60 20
117 37
64 95
97 25
26 23
93 77
55 49
116 1
25 70
82 113
31 56
92 58
96 61
68 51
21 99
44 68
81 90
57 17
43 34
100 81
63 47
29 75
33 8
90 75
110 14
39 54
5 115
9 112
66 99
86 102
52 50
42 8
32 46
89 51
18 17
75 64
95 13
8 7
99 70
85 39
89 92
61 30
47 95
88 100
51 24
37 21
112 90
88 19
3 42
60 73
23 55
107 110
70 118
40 37
60 56
93 32
97 37
22 100
46 110
12 10
103 75
73 12
92 111
55 21
59 94
25 34
45 95
49 100
31 28
106 95
21 22
68 23
72 82
54 70
58 13
44 40
111 0
0 61
20 48
111 113
6 7
81 70
57 45
39 69
43 14
29 47
104 112
33 20
90 47
9 3
86 19
52 103
56 98
19 86
113 87
42 93
5 87
62 24
119 89
66 71
52 22
109 35
113 32
99 21
8 84
89 15
4 32
95 97
8 35
99 98
85 59
41 61
118 61
88 64
108 3
64 104
13 97
107 74
70 82
117 29
46 27
103 30
36 85
2 69
93 4
22 0
79 81
69 43
49 55
31 99
25 62
82 57
102 60
68 11
105 10
34 22
111 36
81 17
10 31
67 66
30 90
87 31
110 87
80 102
100 105
29 51
19 5
5 58
66 56
109 118
113 115
5 75
62 52
119 61
109 7
38 13
4 117
8 112
99 49
18 89
65 18
112 19
61 70
118 25
27 90
84 8
13 52
70 47
74 34
117 64
26 48
12 67
103 2
36 73
69 15
59 41
55 93
96 18
25 26
72 27
58 82
7 111
48 100
68 111
72 106
115 12
30 39
34 58
0 118
111 56
10 51
101 114
67 62
87 35
29 102
53 96
110 115
39 13
100 13
62 65
86 91
56 26
113 31
119 1
32 3
18 42
4 105
85 2
14 6
17 115
108 52
37 112
112 63
47 43
88 56
17 12
13 88
74 70
60 21
64 80
107 18
22 89
83 93
103 38
69 82
73 23
116 2
35 60
96 62
82 1
72 55
1 109
68 67
24 41
30 3
87 86
20 29
111 92
67 26
29 74
33 15
90 72
80 46
15 56
56 71
19 61
119 116
86 103
52 51
109 62
42 9
32 47
75 67
65 41
17 95
112 91
37 20
94 95
98 2
3 45
60 74
84 64
50 112
107 97
40 38
60 57
36 50
97 36
46 111
12 11
69 54
73 51
2 17
49 10
35 75
96 107
45 94
102 17
92 31
72 83
48 44
105 45
111 3
81 52
111 112
39 68
100 118
110 43
9 2
86 16
113 86
76 94
5 86
62 25
119 88
8 85
99 20
32 75
71 106
75 111
38 113
95 96
41 60
118 50
27 113
88 65
51 119
17 59
37 8
94 59
98 38
74 15
3 9
117 107
84 100
117 28
36 86
2 66
22 1
97 64
79 80
59 12
45 49
35 103
92 76
96 119
11 79
68 116
72 79
115 51
81 16
10 28
101 93
30 91
33 70
57 72
39 104
100 106
63 102
90 0
19 4
5 57
86 60
52 68
19 117
113 114
42 62
119 60
109 6
4 118
8 113
28 108
85 109
14 43
89 106
75 11
4 5
95 68
51 34
37 91
112 20
41 24
98 91
118 30
27 93
17 39
37 44
112 99
23 9
40 111
60 114
117 79
64 117
36 74
93 103
97 108
79 52
69 14
92 80
55 92
96 19
82 26
72 28
1 0
7 110
105 84
68 104
34 59
0 119
77 119
29 101
90 117
39 12
114 79
100 14
104 73
29 22
15 39
86 88
56 27
42 18
119 0
32 4
38 46
95 43
28 112
89 70
75 55
51 62
88 57
17 3
108 68
3 48
84 45
13 87
74 71
117 35
26 21
46 80
16 99
73 22
2 10
55 51
25 68
96 63
68 61
72 56
48 1
30 0
34 95
111 95
67 29
90 73
114 115
80 47
100 34
56 72
19 60
5 113
66 97
86 100
52 60
109 61
56 55
14 112
8 9
99 72
65 40
28 84
85 37
61 28
88 102
51 26
17 94
108 25
112 92
41 80
27 5
118 70
88 21
60 75
64 14
107 96
70 116
40 39
60 58
36 51
93 62
12 4
92 105
55 23
82 83
45 93
31 30
92 24
21 20
48 94
115 86
48 45
6 106
34 99
6 5
81 68
53 54
57 51
39 71
114 4
43 0
100 119
33 42
90 45
9 1
86 17
15 31
56 100
19 88
113 85
76 95
62 30
113 38
8 86
85 72
18 115
38 118
4 34
8 37
99 100
85 57
118 51
88 66
51 118
37 55
94 56
13 14
74 12
40 116
60 111
23 85
64 106
70 80
103 24
36 87
93 2
103 105
69 41
45 48
31 109
25 60
82 55
45 65
102 50
68 117
72 112
54 32
77 82
6 86
67 68
91 90
77 35
80 88
100 107
33 54
19 7
5 56
86 61
109 116
42 63
5 73
38 3
4 119
99 51
65 103
28 109
32 104
71 73
75 10
95 71
51 37
37 90
41 31
61 68
47 17
51 82
17 38
108 97
112 100
94 20
13 50
70 45
3 100
107 40
26 62
36 75
2 39
22 34
79 55
116 40
45 20
102 79
106 2
35 2
92 81
25 24
11 29
58 80
105 91
30 37
34 56
111 58
10 49
101 112
63 52
90 114
110 113
39 15
5 28
62 71
9 89
66 26
86 89
15 87
109 88
56 28
113 29
42 19
18 40
75 89
32 116
14 4
71 45
112 49
94 97
27 56
17 2
70 9
74 68
3 64
22 95
26 18
46 81
103 32
69 80
36 111
79 11
59 55
116 12
25 75
31 37
68 62
72 57
58 116
105 55
68 77
10 66
30 1
87 80
34 92
0 84
24 90
67 28
57 22
100 92
104 23
110 13
80 32
86 10
56 73
19 63
62 99
9 117
119 118
86 101
52 61
113 57
32 33
14 113
18 12
75 69
38 75
4 79
28 85
85 36
88 103
51 29
112 93
37 18
94 93
41 87
98 0
118 71
23 48
107 99
60 59
46 2
36 60
26 118
46 109
12 5
103 68
73 49
49 8
35 77
55 22
25 39
116 96
31 25
106 90
11 37
72 85
54 69
1 79
78 79
44 43
20 76
101 39
91 113
77 62
