31 6
0 175
93 158
203 63
20 162
45 230
46 12
176 27
157 23
210 167
214 232
125 88
72 92
216 130
92 135
225 127
6 211
133 30
118 57
83 9
151 164
174 176
150 62
104 130
35 234
200 224
162 53
112 66
38 149
64 229
82 179
175 147
141 95
125 186
17 209
0 55
163 14
19 200
3 2
41 219
205 194
132 105
26 161
171 62
120 113
28 10
193 77
65 154
32 77
24 189
159 218
87 226
53 62
182 105
129 19
166 184
228 52
211 84
174 72
231 41
33 34
90 53
113 114
238 229
22 12
8 181
137 92
175 43
136 42
17 57
145 12
219 5
220 141
73 36
215 64
41 179
204 156
20 82
205 106
134 46
228 221
155 215
192 33
135 180
132 193
86 152
14 165
161 140
112 200
197 228
189 129
65 147
204 190
129 20
38 110
183 217
169 237
5 164
9 161
118 152
228 51
48 68
30 180
233 72
53 168
129 133
239 230
41 43
131 169
97 70
81 140
153 212
27 72
173 233
229 28
103 104
106 156
160 162
30 199
162 71
180 45
218 152
111 24
94 32
205 99
5 70
12 184
31 108
87 3
235 122
126 42
1 137
38 22
186 135
41 197
111 137
135 194
191 33
138 191
124 4
33 67
200 55
164 5
20 191
39 109
97 238
186 118
207 97
44 120
135 83
28 143
117 227
120 238
124 123
143 51
201 24
220 236
41 44
115 53
189 124
47 2
174 197
31 196
51 71
105 15
125 212
181 162
219 19
55 194
220 131
60 143
24 99
6 87
64 202
228 195
226 227
12 183
160 40
175 174
106 22
235 115
109 11
199 137
1 130
164 189
18 202
208 159
121 120
229 231
157 74
214 133
72 233
200 62
199 30
57 78
147 204
3 134
238 15
189 4
135 72
12 72
68 125
216 158
125 124
201 1
54 56
2 82
22 17
95 238
226 11
190 125
11 215
108 107
38 177
113 112
148 36
133 131
49 38
72 129
217 50
199 134
146 14
19 228
1 155
62 138
64 112
85 107
232 28
69 225
159 190
71 72
181 77
182 117
165 131
143 144
22 185
115 146
150 98
63 105
193 218
174 100
105 104
140 12
142 141
53 131
202 152
165 20
75 154
131 156
220 226
5 32
151 193
62 83
66 14
29 186
33 191
216 20
15 123
109 108
181 180
126 204
111 55
58 161
153 88
177 98
160 38
175 188
92 91
164 163
55 65
95 62
116 81
65 127
191 92
192 188
229 233
14 48
142 229
218 90
143 153
91 216
2 181
221 63
4 14
149 125
27 167
118 228
11 116
194 195
122 235
51 45
72 102
19 20
58 57
131 133
204 40
97 98
154 155
10 164
122 90
105 226
177 10
69 12
179 145
198 223
109 101
201 156
202 18
178 152
18 164
204 191
185 186
6 56
65 199
120 44
10 55
160 61
203 113
21 218
4 102
149 21
205 152
8 97
189 190
120 155
104 53
50 49
159 172
142 236
200 83
163 169
161 18
110 111
146 147
92 193
23 230
208 19
9 198
190 135
11 109
177 178
51 50
69 100
59 178
5 18
133 109
190 22
104 211
15 73
199 220
128 62
24 127
42 41
116 48
153 42
83 169
159 4
142 68
144 158
18 46
110 135
162 213
38 53
21 227
167 68
24 238
132 58
169 170
209 214
228 118
193 60
194 162
117 95
24 201
69 220
196 31
235 236
127 42
169 59
170 203
167 213
100 92
155 120
173 174
194 213
140 57
213 162
197 56
233 22
143 28
36 122
237 145
238 154
53 158
115 22
152 12
61 110
226 47
22 61
137 147
64 190
175 218
86 94
179 159
108 79
181 143
56 29
221 211
204 173
23 22
61 223
25 120
192 18
119 2
155 134
210 68
230 3
43 162
234 78
217 14
35 51
235 84
164 216
75 88
110 142
117 190
15 199
187 220
116 174
1 231
134 142
65 66
191 75
11 10
157 39
140 161
233 142
14 5
72 12
28 114
90 122
182 81
165 167
94 215
145 170
167 210
78 102
236 237
128 238
46 79
104 178
12 107
30 133
52 178
198 177
215 155
36 97
202 188
93 112
37 125
59 192
169 77
5 4
128 157
227 140
190 0
155 238
47 52
177 61
106 237
161 219
215 8
162 116
180 30
158 105
105 213
111 75
114 157
41 139
222 202
226 153
209 183
72 164
90 210
18 32
126 123
147 137
182 185
38 39
149 32
185 62
223 105
171 127
188 221
47 223
68 48
124 53
69 206
234 216
73 139
218 62
1 105
216 217
94 222
239 169
78 105
61 15
103 35
231 110
233 0
215 144
69 95
219 213
112 41
75 191
220 221
187 12
205 90
133 88
30 31
199 203
112 184
184 224
186 204
41 140
208 209
63 221
144 131
15 213
181 2
38 94
113 159
4 90
169 157
188 212
171 116
223 86
23 149
42 149
174 35
194 143
140 87
32 131
14 23
90 76
107 12
141 234
159 128
182 35
94 193
239 182
21 111
145 164
235 211
171 133
27 152
83 103
137 53
194 62
175 0
173 153
108 37
53 233
201 208
2 3
24 44
6 140
64 131
9 115
119 120
138 28
122 121
105 199
29 144
81 205
197 164
55 10
6 31
62 200
46 134
156 21
157 129
231 190
178 6
72 210
235 59
114 30
60 38
99 69
120 190
210 192
211 178
228 106
233 97
124 75
221 21
114 113
115 69
168 159
226 64
26 101
98 161
96 167
46 96
193 137
105 63
103 81
69 65
51 23
162 46
179 74
56 74
202 169
129 223
130 199
41 109
78 234
62 96
157 233
105 200
178 174
14 199
234 19
125 149
180 235
56 57
19 175
184 238
59 68
208 207
133 219
32 34
106 105
90 175
238 95
4 72
60 61
43 31
118 186
181 182
193 17
85 35
67 149
69 185
230 190
235 193
73 190
54 72
148 133
149 172
5 215
151 152
48 49
208 179
106 190
196 137
88 104
73 15
55 235
147 122
187 19
227 168
27 7
178 169
164 148
182 234
41 231
131 101
23 51
226 189
59 93
228 137
53 34
73 214
127 111
2 202
40 41
75 125
20 157
90 89
201 122
146 224
129 184
169 1
170 145
44 45
117 182
28 220
11 188
105 41
88 111
51 101
125 54
202 219
183 47
148 115
224 164
152 118
133 188
134 58
27 28
136 144
13 225
198 39
163 3
109 45
203 168
113 42
186 224
38 235
82 81
228 176
31 24
161 105
0 169
238 105
166 143
96 221
8 57
100 74
135 110
48 80
190 204
99 120
213 224
69 171
33 23
72 86
145 128
92 137
93 53
76 211
59 141
22 115
221 96
239 202
207 61
225 101
48 47
31 227
15 16
237 96
202 194
220 184
37 3
150 151
226 220
155 216
139 130
12 140
88 229
52 11
34 97
35 153
184 131
96 101
224 42
188 0
46 162
211 225
212 142
140 227
161 98
217 125
53 52
127 29
111 226
225 13
43 2
207 149
28 163
11 93
232 73
196 87
234 231
235 180
36 35
224 195
115 33
61 37
105 27
160 149
51 115
88 125
123 161
126 174
220 183
111 21
42 89
227 223
135 190
229 122
66 67
177 76
103 202
14 163
197 129
89 226
109 31
220 38
24 190
116 119
23 94
134 199
85 86
233 181
106 77
14 82
161 123
163 158
91 230
57 58
38 116
40 30
21 36
188 142
206 96
135 92
191 131
68 1
216 138
51 203
214 224
77 205
61 62
226 127
9 8
118 49
190 73
194 20
6 203
54 199
225 224
5 92
78 201
228 222
10 105
49 50
175 155
13 12
215 48
108 142
162 188
164 136
19 208
38 28
3 10
20 194
188 22
64 108
62 150
227 85
120 121
85 95
32 69
157 119
161 124
90 138
53 6
127 3
74 157
182 97
109 169
0 190
22 149
5 163
23 196
188 133
150 94
211 92
30 181
32 180
105 116
124 125
238 237
94 150
221 75
41 42
115 47
61 55
165 120
149 201
137 68
138 90
88 75
179 180
126 216
145 4
35 155
112 113
203 199
239 86
201 231
200 239
221 228
228 197
83 135
66 85
155 175
229 108
119 43
45 46
142 102
210 111
163 63
177 126
127 187
38 23
59 126
193 94
231 201
51 168
233 167
142 17
200 56
235 10
18 99
183 209
115 135
78 57
9 169
11 64
104 105
233 48
123 199
90 4
236 43
200 135
70 216
129 157
94 153
59 169
4 161
130 5
165 97
26 82
118 3
155 55
239 238
47 13
30 207
122 78
83 31
35 128
180 53
108 109
94 40
239 95
24 100
204 147
151 35
228 204
155 164
142 105
198 122
163 36
91 92
40 100
187 186
171 36
62 128
229 230
51 177
218 73
109 155
74 143
129 101
167 48
8 220
191 190
47 165
193 192
48 115
51 222
195 228
36 71
19 9
2 83
165 106
221 93
220 228
224 239
207 30
88 89
51 79
52 71
112 111
40 220
222 228
209 81
192 55
137 199
123 58
141 66
180 163
127 169
146 15
184 166
183 182
92 93
95 48
164 165
206 205
171 29
8 116
65 101
115 228
196 35
124 27
51 182
73 229
70 187
86 239
75 12
3 142
166 165
80 81
22 190
171 170
100 28
135 64
46 48
44 111
12 64
140 13
33 205
99 130
54 48
165 19
148 189
57 199
22 41
27 94
137 127
9 36
86 74
215 103
91 61
204 129
24 114
116 35
206 165
192 14
119 54
10 13
158 157
141 123
144 161
1 147
182 210
117 76
189 164
207 206
82 30
140 181
142 234
199 15
74 177
1 12
221 62
39 27
186 0
152 144
208 29
167 38
118 229
26 60
191 172
194 192
48 97
155 109
124 129
197 53
8 202
56 161
37 65
131 132
170 105
61 91
133 99
80 231
173 204
30 32
160 207
197 198
18 165
202 19
38 160
94 29
130 129
131 21
203 227
64 208
62 42
10 52
83 163
157 163
140 221
178 104
161 160
144 152
162 219
163 219
181 45
202 98
111 172
21 217
3 111
91 163
43 196
188 49
25 30
117 85
32 120
161 17
129 72
93 204
169 49
80 79
152 151
99 176
172 42
28 236
51 53
69 99
124 152
55 176
97 122
167 172
82 238
156 131
174 230
104 212
234 53
17 22
181 133
55 33
202 26
220 96
23 24
64 215
228 224
135 137
63 161
212 87
231 149
62 174
14 144
235 94
217 4
37 172
94 235
95 47
187 198
26 159
191 77
174 15
121 27
231 234
233 132
47 200
72 6
1 30
221 48
189 39
26 14
137 1
211 6
174 126
30 131
233 21
53 157
165 14
148 74
41 112
2 55
98 99
61 109
227 134
27 37
137 146
238 155
47 46
30 18
167 165
201 141
237 33
203 145
130 147
77 109
41 129
206 190
135 134
177 216
228 239
67 43
160 76
178 26
180 135
15 198
146 115
129 41
149 38
60 26
208 115
28 115
46 221
51 146
161 35
74 170
92 208
165 166
186 29
4 228
43 67
188 182
118 206
190 182
211 15
11 154
73 18
220 199
222 56
80 204
133 94
10 94
101 31
66 19
102 231
215 11
180 31
199 205
125 137
184 218
220 118
21 131
10 33
173 72
101 96
32 30
88 171
233 229
234 182
15 207
163 206
182 190
115 201
223 104
23 159
82 2
65 90
227 109
122 157
139 73
32 141
213 194
14 13
45 142
71 36
73 138
87 162
76 177
96 170
4 227
153 226
191 192
122 12
197 41
36 105
201 46
129 204
152 27
227 180
137 156
173 48
159 109
52 41
127 226
203 143
40 166
42 3
208 210
82 106
229 164
85 175
90 218
72 172
199 91
92 55
238 82
20 129
182 177
167 114
26 232
100 87
191 120
212 211
33 10
107 15
200 112
236 220
1 97
238 61
168 153
26 27
46 94
11 136
123 143
231 102
52 129
162 20
201 215
112 33
129 197
165 57
221 140
60 193
80 186
9 114
10 64
172 157
177 46
123 124
55 5
40 173
111 88
59 78
202 62
21 149
153 5
64 51
208 201
48 221
61 233
85 168
157 128
213 99
142 33
199 80
1 201
181 10
18 19
21 6
146 92
9 153
65 84
120 191
194 135
213 212
159 136
143 194
56 220
97 46
149 162
99 213
118 211
46 97
193 136
105 62
13 157
214 61
52 136
196 131
215 161
128 99
5 126
133 73
62 97
83 220
229 69
212 3
141 57
159 83
198 42
15 181
55 2
61 226
64 10
209 153
66 239
107 108
235 51
15 218
92 5
238 92
203 10
3 185
97 182
167 96
116 131
39 85
100 69
115 220
121 56
192 238
212 225
69 184
125 75
33 4
72 41
215 201
92 180
143 203
4 216
5 214
8 155
27 105
9 19
121 169
207 46
193 129
16 75
162 38
179 82
202 209
239 52
6 127
73 232
155 205
101 51
157 225
123 10
31 141
161 230
126 5
220 90
111 110
112 174
59 92
205 213
37 225
226 186
63 203
120 94
211 210
200 22
18 5
0 211
75 124
40 42
96 199
149 67
97 207
116 138
188 226
120 205
65 38
176 111
125 68
142 162
52 239
74 201
93 59
146 225
2 122
169 0
78 74
133 42
44 46
100 211
155 85
6 231
33 142
51 100
201 202
239 61
131 220
132 214
225 220
226 194
209 122
170 33
9 101
6 118
139 140
177 81
158 77
150 157
94 200
156 204
103 215
92 100
20 54
40 130
205 206
134 202
45 90
84 75
229 216
32 49
178 48
142 58
163 147
238 110
20 165
21 17
4 63
186 80
43 12
26 204
213 239
216 189
214 215
36 37
182 12
110 36
130 62
239 213
169 9
78 77
153 199
171 224
190 92
10 149
211 57
83 2
225 100
160 159
69 59
34 15
126 164
174 175
237 95
35 231
148 123
132 221
187 32
205 118
225 213
230 70
177 74
14 217
125 191
162 171
35 116
164 155
220 40
34 126
59 106
131 82
116 105
205 199
62 229
84 82
139 18
235 38
53 51
199 52
91 224
75 106
4 38
169 225
8 33
7 27
65 48
46 18
176 29
90 40
145 120
129 137
58 17
148 147
204 16
225 125
79 78
8 176
27 124
155 35
80 14
169 114
195 152
106 168
69 36
185 170
121 188
100 193
76 90
41 72
222 9
81 33
64 231
136 159
106 59
52 19
164 130
19 202
185 3
3 4
25 55
99 24
120 115
138 139
140 155
238 120
183 194
154 11
192 202
194 226
103 28
33 32
72 69
43 181
1 95
129 130
222 97
149 207
6 200
153 209
9 15
155 56
154 186
47 126
104 139
31 208
158 23
194 21
180 32
103 109
218 159
24 23
5 91
61 174
153 66
227 199
160 28
141 86
159 60
198 9
197 137
111 130
21 187
77 46
131 64
114 162
41 194
113 220
140 146
216 227
234 142
199 42
74 154
92 224
75 24
21 44
167 61
95 85
116 238
118 158
172 72
190 230
192 193
175 77
140 97
72 76
70 230
239 224
58 35
6 195
118 9
12 43
33 170
51 64
125 217
201 230
19 107
37 61
94 38
76 72
61 167
67 64
30 84
159 37
17 193
92 72
168 51
204 228
120 129
140 137
216 234
161 116
217 108
186 116
152 188
98 210
7 6
211 100
47 159
177 148
233 55
33 50
125 97
220 238
131 144
152 43
190 120
202 231
37 38
20 98
131 33
60 137
5 77
226 225
58 157
120 25
210 103
228 205
61 160
105 158
158 144
14 181
142 110
137 221
109 9
0 30
202 118
185 22
183 184
77 32
42 194
61 238
227 66
228 92
28 17
84 118
85 96
213 27
138 164
159 179
72 235
200 32
109 154
163 180
199 24
217 88
130 106
145 203
152 131
210 137
48 116
177 141
195 231
69 119
196 180
204 52
167 128
22 23
59 161
6 189
29 191
177 30
215 105
162 87
198 227
54 169
38 183
130 140
41 164
60 128
206 163
133 129
64 195
120 32
10 3
209 80
31 92
161 149
88 201
199 128
1 153
20 216
3 96
205 228
23 125
117 66
46 198
229 238
72 18
73 228
129 125
115 148
25 188
99 133
188 147
28 159
104 88
50 140
56 155
202 134
93 106
94 136
165 18
115 5
78 187
153 173
2 43
190 106
225 146
138 116
176 143
30 62
31 180
35 177
109 106
36 222
38 174
239 108
94 27
76 117
60 159
153 94
221 198
157 169
195 10
13 47
141 122
86 186
163 213
202 120
149 10
171 21
134 155
28 103
46 201
230 239
140 182
196 43
163 162
199 14
171 162
122 233
194 193
176 55
90 30
75 149
77 233
97 96
4 159
153 182
62 88
134 112
154 153
229 62
69 10
198 221
17 28
36 197
35 182
185 184
77 122
153 39
134 3
210 80
61 203
230 23
91 162
74 86
202 99
40 90
169 167
189 188
120 174
228 73
212 184
90 118
143 224
109 133
110 109
146 145
130 119
114 80
22 73
97 8
149 132
44 94
100 3
173 179
211 0
11 111
30 153
177 176
213 167
51 52
174 116
128 129
202 136
75 138
153 191
136 193
174 231
30 40
97 160
159 113
161 207
17 21
18 157
56 24
36 204
104 213
221 216
132 149
43 175
81 112
135 136
228 225
229 136
231 148
1 236
182 173
203 104
3 87
169 168
96 46
116 161
209 212
122 136
231 229
173 238
36 21
74 160
186 19
115 107
97 1
116 208
26 15
154 120
83 82
137 0
173 172
21 82
233 20
194 211
16 105
180 98
73 104
143 30
220 201
41 119
64 176
205 100
137 145
156 155
160 222
159 126
161 192
125 143
202 2
112 140
94 12
59 58
37 195
184 212
133 229
82 121
227 22
101 102
139 194
15 193
147 130
203 97
4 86
223 98
188 192
208 116
63 62
65 64
122 147
11 12
50 33
216 212
218 53
36 28
164 41
93 221
219 161
56 200
22 91
225 77
149 150
173 165
46 77
122 2
194 42
140 50
68 90
125 23
126 159
128 159
55 129
238 163
133 93
81 209
155 224
229 41
83 200
177 51
86 87
162 114
108 64
55 54
112 131
21 130
40 160
42 25
61 214
136 94
227 31
157 141
32 31
70 12
35 58
217 21
18 30
0 200
38 37
114 234
22 227
43 42
23 158
134 135
191 114
193 12
212 213
140 90
69 204
161 59
144 29
218 60
33 112
145 161
238 59
58 104
114 125
118 198
154 74
48 14
121 149
140 41
68 65
125 16
215 146
200 217
218 175
54 20
216 74
42 113
170 74
172 167
30 29
125 129
20 19
96 68
131 112
187 127
208 211
61 239
227 4
77 30
23 38
120 74
56 127
83 190
234 190
72 173
15 215
92 48
203 31
40 54
4 68
185 69
169 131
172 120
192 145
140 81
33 9
69 181
144 20
92 167
147 1
21 109
79 108
207 91
119 197
155 65
177 220
233 15
69 70
124 189
2 1
94 86
238 173
205 81
204 69
79 29
227 188
100 182
173 40
118 72
230 91
156 224
162 132
91 22
54 158
220 69
113 5
20 26
40 174
199 194
116 22
6 29
38 196
106 108
234 185
142 38
89 44
90 162
182 137
238 90
114 28
3 179
97 188
228 20
48 173
122 172
174 40
36 9
92 190
93 40
130 82
201 78
149 161
54 119
76 160
26 99
137 60
194 55
105 61
160 139
103 83
200 199
71 170
129 221
221 132
77 191
98 4
172 149
101 9
232 184
177 38
88 18
123 116
35 64
125 126
168 106
188 117
81 85
64 11
230 45
107 111
1 193
129 52
20 144
149 57
42 133
118 184
228 19
29 94
67 151
139 127
231 6
68 47
1 114
182 51
94 177
3 201
4 217
57 141
226 89
99 221
190 83
10 224
149 170
7 188
12 9
105 38
69 72
195 164
143 123
218 184
184 8
129 214
202 222
59 238
187 21
151 11
64 147
118 90
137 182
66 116
62 105
12 152
30 118
107 215
175 129
100 164
163 28
1 169
178 167
114 191
41 229
153 22
82 84
136 122
32 59
86 226
141 130
213 116
231 174
199 65
164 229
38 65
186 86
188 227
117 3
65 37
135 115
49 188
140 126
217 226
164 116
167 233
6 228
100 220
10 235
155 84
69 49
179 90
56 90
225 211
82 188
229 118
85 209
12 151
14 215
52 14
199 169
163 5
182 227
40 131
203 170
188 11
48 195
212 129
85 66
31 26
50 100
68 142
200 30
163 146
73 221
114 9
149 75
189 228
9 179
63 64
29 80
174 61
230 174
125 92
53 90
94 163
204 26
97 48
167 230
148 149
48 33
105 16
178 198
202 192
183 38
58 134
131 196
204 105
150 149
5 104
227 216
9 109
118 84
101 36
138 62
105 161
158 181
86 141
125 190
179 208
164 132
40 138
111 127
205 198
99 18
84 83
88 150
143 176
225 37
129 31
115 178
78 42
22 153
65 55
157 20
68 4
140 108
230 161
90 41
239 221
169 113
61 35
79 73
229 23
122 51
105 25
200 227
220 177
202 203
239 66
5 81
226 213
66 65
85 227
105 170
107 233
84 235
162 163
164 131
203 88
122 229
41 216
222 153
43 236
26 172
188 25
187 169
211 232
102 4
85 84
157 124
213 15
14 80
230 201
71 97
218 122
164 18
57 56
238 121
106 75
95 111
5 184
96 237
27 199
100 122
45 220
12 94
197 86
144 110
200 155
201 19
131 165
4 189
204 8
61 60
8 184
176 228
51 122
34 30
143 95
53 221
19 101
42 78
150 167
136 135
45 51
137 210
227 198
49 48
30 82
13 10
141 85
177 123
198 14
0 1
164 138
91 64
3 12
117 118
102 63
139 3
140 147
51 165
168 220
149 102
170 224
43 114
190 231
7 8
28 179
48 71
104 100
191 138
231 35
52 204
233 77
179 9
192 194
110 62
93 30
221 73
41 40
219 238
27 77
190 118
123 177
51 67
215 90
15 105
91 40
219 31
205 96
24 31
45 44
83 137
192 59
212 54
12 187
63 134
72 150
162 181
184 232
110 231
19 219
203 86
3 117
39 153
41 202
188 47
116 71
187 167
28 27
193 92
32 94
51 170
214 129
127 10
109 160
75 16
166 169
167 53
8 215
100 104
27 213
28 138
175 85
50 155
124 118
142 134
145 98
143 60
73 74
220 239
154 141
174 200
106 130
125 209
198 233
201 238
56 125
20 99
239 89
131 32
94 46
77 78
209 94
139 160
106 21
18 201
110 238
220 13
96 3
42 195
187 188
192 161
48 230
229 228
137 83
69 229
14 37
196 38
217 95
91 207
199 27
18 88
3 139
172 63
211 108
46 47
12 75
121 238
235 146
236 28
56 149
217 200
129 148
221 91
131 152
115 63
5 36
6 178
169 109
9 33
224 225
138 74
10 177
197 210
17 33
163 94
202 239
94 17
130 141
23 15
116 38
82 146
101 65
137 197
123 60
106 28
87 18
217 55
175 176
127 171
92 95
55 69
18 192
167 90
97 140
43 200
136 11
210 238
191 80
32 108
145 195
127 56
18 83
129 124
22 188
5 156
171 172
194 199
29 6
123 215
179 28
125 114
218 193
36 72
217 209
130 21
94 137
4 145
9 42
137 125
155 7
86 72
196 195
215 97
197 219
128 35
19 129
185 182
131 46
132 160
116 45
61 177
227 226
81 5
205 11
229 133
10 11
102 72
105 143
17 171
38 62
209 217
192 191
210 233
33 107
159 160
200 47
91 221
1 2
206 69
208 31
8 204
140 6
214 5
235 128
53 137
237 156
143 11
219 202
58 196
217 218
22 38
95 217
79 51
64 163
9 83
29 176
69 9
197 196
35 185
162 102
219 220
199 224
40 204
221 222
204 186
223 238
131 23
23 29
62 40
101 115
229 142
180 179
181 43
110 131
184 182
38 49
186 166
169 166
40 91
39 189
64 65
209 210
230 231
140 174
217 178
53 97
221 53
239 159
115 101
225 50
188 162
186 9
58 92
152 153
202 137
75 141
37 72
77 225
226 19
62 64
27 46
82 236
136 194
122 96
137 111
160 216
156 157
176 190
111 70
94 10
222 223
42 20
65 221
210 72
63 163
140 214
88 223
178 97
144 145
108 226
149 27
116 162
188 202
82 14
120 165
63 48
47 202
232 116
46 216
51 143
70 162
71 48
53 106
146 137
27 182
101 131
28 229
195 194
68 92
125 29
15 34
36 101
98 97
225 164
27 39
229 47
181 140
112 141
111 79
203 147
55 56
188 82
62 218
85 155
231 140
144 136
108 217
166 116
22 233
21 233
62 165
120 172
107 19
53 115
165 164
95 167
8 225
100 50
190 180
172 26
238 160
204 80
6 145
209 27
190 7
61 100
106 232
88 62
215 5
87 94
109 77
56 39
19 157
20 21
198 199
184 220
61 213
62 221
232 211
213 95
141 157
144 143
35 61
92 58
57 8
182 188
60 19
43 45
26 239
192 155
191 125
32 143
50 217
161 58
72 54
53 124
201 67
165 173
115 120
225 69
44 68
154 75
173 157
190 191
51 10
35 196
201 44
219 214
165 62
77 140
42 126
224 155
227 182
134 93
104 203
30 2
11 226
35 85
18 135
181 158
113 3
20 28
224 10
132 131
23 33
116 8
64 62
45 116
221 120
66 155
230 48
32 23
133 214
89 42
70 4
35 34
181 15
74 75
57 17
72 174
182 183
115 208
87 196
7 56
11 61
174 38
29 75
33 8
14 26
53 69
36 3
54 125
143 199
22 106
79 111
26 25
81 177
108 32
180 120
37 108
2 30
94 87
41 105
42 121
5 115
131 235
224 146
153 154
172 159
66 99
67 115
30 5
88 12
123 126
227 191
15 174
107 216
56 53
16 238
180 239
3 37
77 22
60 178
205 33
186 210
209 166
45 109
211 198
228 134
157 158
106 109
18 17
181 8
165 206
40 62
95 13
223 88
25 193
8 7
189 216
85 39
51 235
107 6
72 36
218 15
56 222
92 191
201 77
58 123
145 146
149 160
79 116
100 47
173 143
211 36
47 95
158 54
108 31
126 177
143 125
75 174
129 220
41 82
60 218
170 61
136 229
137 140
102 142
161 227
181 224
199 186
202 39
3 42
21 156
39 198
188 118
6 21
64 12
227 53
23 55
48 214
49 99
178 60
53 38
203 12
149 56
207 187
172 111
210 182
191 104
11 43
50 194
213 219
214 219
216 177
231 1
57 140
152 195
170 149
226 86
47 100
175 19
123 159
51 97
69 55
71 162
237 107
112 81
129 213
77 183
132 233
60 209
62 110
134 70
119 75
66 117
105 182
88 26
177 94
178 164
198 35
181 233
164 151
204 203
135 221
211 212
138 156
160 97
143 173
163 236
181 26
74 100
232 233
21 22
167 27
23 189
48 92
216 184
200 103
219 133
129 189
165 65
57 149
97 62
167 232
6 229
226 81
26 114
117 179
46 113
224 200
12 1
123 148
177 198
178 204
15 20
201 200
203 220
130 212
204 115
10 123
232 167
13 30
180 196
127 128
1 161
220 83
202 41
166 51
96 97
205 204
6 7
153 30
65 140
209 137
84 85
212 130
140 231
160 120
159 208
211 221
143 170
199 57
75 119
147 175
150 72
171 85
26 202
122 198
214 213
179 53
238 223
130 60
41 52
77 216
221 125
22 118
95 137
27 121
117 188
99 202
174 173
104 159
216 46
180 92
126 170
56 98
220 187
202 193
77 169
64 226
155 221
12 143
30 97
162 169
127 137
92 125
223 47
188 3
28 15
156 116
50 28
233 177
107 85
142 3
200 6
199 54
53 49
110 66
203 51
114 1
0 163
152 169
145 237
99 98
120 221
157 19
215 214
53 162
73 86
1 68
93 11
94 171
77 209
131 191
239 220
143 32
130 55
4 183
137 95
47 115
194 24
15 26
203 202
183 62
58 142
224 181
170 17
133 171
212 33
177 65
123 19
141 91
30 104
162 160
109 28
234 114
125 182
139 188
114 169
99 26
82 62
135 200
211 235
138 137
139 13
229 200
106 72
0 186
74 145
183 220
116 225
207 159
7 18
46 27
48 65
30 177
179 3
72 71
53 171
201 18
129 128
148 164
77 202
97 65
131 164
153 215
225 116
44 21
83 18
41 38
169 121
105 1
177 233
12 46
100 202
35 151
55 200
94 61
131 53
24 25
225 229
153 64
133 148
137 209
85 235
141 84
87 6
198 15
163 59
109 21
184 148
220 56
127 191
25 62
64 111
48 233
28 29
230 193
50 14
214 143
159 207
217 76
144 215
216 229
182 100
38 98
21 42
97 233
116 232
29 58
50 225
16 17
90 56
53 180
142 188
95 228
115 48
29 171
105 10
31 219
18 188
36 163
163 83
201 228
183 12
19 109
136 143
45 43
63 129
138 40
67 66
30 90
135 169
70 61
199 140
164 178
202 77
113 203
21 194
168 53
28 20
140 139
231 202
87 140
72 230
143 142
109 159
147 203
21 51
95 92
170 232
9 174
121 228
29 51
104 108
213 129
33 48
233 53
216 155
122 218
128 167
195 224
58 40
221 65
95 237
118 6
155 8
156 186
122 77
31 192
124 230
108 104
162 90
181 174
37 36
54 212
187 78
6 75
133 134
30 93
90 232
142 108
111 146
3 125
169 178
167 92
116 79
99 49
206 201
228 94
65 97
45 181
231 195
69 228
233 173
70 71
140 130
199 26
74 138
1 55
130 104
3 138
95 69
186 125
236 142
168 203
193 197
46 44
211 111
231 80
33 201
16 15
72 124
179 22
237 169
51 35
147 65
148 177
59 163
22 21
98 90
61 70
26 88
167 130
155 1
138 75
86 54
196 197
215 107
109 111
19 123
239 97
131 40
94 22
23 14
60 130
62 63
137 196
67 48
105 133
31 94
141 127
88 203
199 130
203 71
38 4
4 124
169 187
132 73
24 157
136 12
120 145
28 106
63 4
232 0
139 41
33 81
161 4
228 69
90 98
91 199
66 213
147 217
130 99
221 34
4 3
154 109
122 236
175 90
68 96
51 40
36 73
54 55
148 184
167 187
119 130
86 73
33 179
34 35
35 179
13 220
237 51
223 224
25 105
159 239
62 38
136 164
83 159
105 142
196 182
17 170
199 123
180 181
220 28
21 221
186 156
205 155
25 26
46 207
193 38
69 214
14 52
72 27
141 201
163 164
142 233
165 136
75 6
149 121
169 205
23 229
8 205
9 193
29 30
12 122
33 219
16 125
72 106
218 201
36 112
235 131
67 214
204 36
225 169
101 225
17 18
163 79
198 211
220 100
38 167
199 227
79 163
192 24
155 140
84 30
10 51
213 67
88 217
169 152
83 164
1 233
184 183
4 98
116 164
23 141
82 20
44 201
207 208
213 52
159 168
234 235
169 54
43 86
172 37
27 176
29 23
177 182
125 3
198 187
71 203
94 120
204 35
167 169
5 30
133 105
225 162
80 209
154 238
122 97
106 231
197 204
34 53
35 161
204 178
42 21
206 186
6 55
81 118
192 31
228 227
65 220
13 95
127 65
199 105
38 41
203 106
99 45
209 202
29 127
213 61
233 137
200 94
71 51
74 174
128 235
3 230
168 167
118 202
172 28
46 72
83 84
12 104
10 195
216 126
197 36
198 178
236 1
162 6
220 203
201 33
218 219
34 221
167 166
136 202
101 19
119 105
215 15
198 205
91 5
20 15
39 221
59 60
77 106
25 124
133 227
204 169
101 100
155 154
90 215
15 195
235 72
95 17
23 131
228 121
193 9
210 211
159 158
142 194
219 163
194 205
92 211
221 6
115 114
149 148
80 48
26 20
118 205
154 65
100 51
53 227
128 145
55 131
153 143
9 69
118 124
66 110
47 48
86 85
158 109
107 237
198 196
202 11
220 113
205 46
132 133
62 194
101 109
137 233
230 62
233 234
126 127
127 119
92 59
164 195
165 219
96 62
238 78
24 192
43 44
166 108
134 133
120 180
191 124
121 42
139 74
233 123
216 221
90 65
236 224
36 5
237 238
3 212
149 157
170 185
61 11
26 31
169 41
39 56
48 0
68 67
231 106
47 226
180 114
219 41
19 52
129 193
239 26
224 156
42 127
204 72
226 61
36 148
118 119
137 129
119 127
195 64
160 238
87 86
56 47
19 165
39 211
223 205
188 97
6 24
64 63
153 1
191 20
23 32
151 111
46 131
106 99
86 223
70 5
31 32
181 14
107 115
75 74
147 146
20 140
4 70
24 199
186 187
172 122
210 197
63 46
194 139
157 53
68 59
124 72
89 90
232 106
216 164
238 192
8 144
155 67
69 68
124 191
126 143
35 204
237 120
55 145
112 36
221 137
93 94
170 51
64 135
27 13
173 38
119 116
137 138
177 35
178 179
14 192
52 51
56 54
237 9
55 6
3 36
183 77
42 9
204 214
81 82
134 228
191 29
28 36
102 103
161 90
141 142
1 206
114 26
97 178
214 209
206 1
11 53
52 228
72 37
179 33
237 224
197 119
170 171
79 119
27 149
10 231
100 40
193 141
211 39
214 48
17 95
200 201
19 66
165 47
94 95
204 126
224 170
78 238
151 12
59 235
119 77
138 3
30 13
31 129
105 204
87 100
204 205
65 177
193 100
46 141
157 150
68 154
212 125
213 105
48 215
146 82
110 174
111 211
114 21
95 117
97 203
25 201
116 142
118 190
4 52
140 65
32 149
70 134
73 162
238 210
148 129
76 217
97 36
169 28
61 22
226 87
115 78
7 190
48 53
122 36
12 11
105 36
69 54
160 132
15 14
237 106
129 212
221 155
41 90
100 166
101 48
123 15
86 113
106 205
159 69
108 166
202 47
20 42
111 107
187 132
233 198
106 92
178 52
158 216
71 116
73 218
92 31
53 46
182 153
3 163
166 136
228 4
28 169
213 227
144 123
221 99
44 41
13 140
33 131
106 165
15 23
145 28
111 3
77 175
224 184
98 20
82 186
227 213
12 145
158 176
109 41
113 46
114 180
131 110
111 112
25 42
82 77
134 201
229 197
233 207
32 52
70 97
200 0
143 181
169 199
72 203
203 61
225 8
116 156
208 64
189 226
28 160
47 132
191 153
215 216
146 215
129 181
238 220
2 112
153 196
226 105
99 205
6 221
174 178
98 177
214 69
198 131
15 28
236 82
112 64
113 86
58 132
131 198
24 12
62 25
12 136
195 37
107 199
19 198
41 213
99 20
209 129
141 178
89 14
53 48
18 114
163 157
238 116
75 111
166 186
4 33
97 222
116 155
95 96
9 186
80 114
174 74
157 18
230 167
164 100
224 199
170 143
137 94
174 181
86 43
200 229
202 201
38 142
130 167
98 38
227 195
135 186
155 213
230 124
195 42
31 101
162 161
199 153
24 130
116 115
171 53
207 233
138 182
157 122
127 6
92 228
147 188
113 169
97 215
98 223
169 239
99 106
122 201
105 119
233 74
12 88
207 160
52 199
54 40
1 92
239 228
77 201
167 150
5 55
79 80
207 15
9 12
7 162
84 141
174 188
125 221
162 73
197 229
95 143
225 228
227 200
136 137
102 162
12 190
89 239
90 231
35 103
41 199
188 18
26 181
117 116
140 141
214 140
14 89
234 141
75 29
40 9
100 99
193 202
32 200
50 158
90 57
53 179
73 71
92 146
224 213
115 51
79 89
7 155
155 50
30 200
216 4
15 107
181 164
55 192
220 129
76 75
98 56
152 86
210 107
10 28
90 238
126 47
199 143
203 72
42 198
23 104
121 122
48 225
85 100
50 6
161 9
53 11
200 60
0 137
109 158
221 47
114 43
206 118
189 6
188 152
63 102
177 137
231 90
33 55
52 213
72 118
73 72
200 139
55 168
220 233
130 1
204 56
224 236
201 3
184 69
179 129
162 91
163 91
36 171
55 217
111 44
183 4
77 76
42 62
224 91
94 44
62 53
210 98
6 72
152 93
49 32
159 47
161 145
74 56
19 226
182 196
38 2
22 200
167 95
60 123
45 180
228 95
46 194
232 26
139 51
74 139
238 16
146 163
4 5
44 108
192 210
46 45
194 202
12 69
233 61
105 106
177 130
142 143
2 47
130 24
147 64
149 231
169 83
95 213
118 30
229 9
11 202
104 227
196 198
163 64
201 149
56 6
109 110
94 23
41 169
187 70
24 111
130 139
209 85
210 93
133 142
132 187
67 51
105 132
195 6
157 173
142 116
15 238
0 232
3 101
208 139
99 57
171 17
193 44
232 1
233 149
68 210
14 50
73 233
57 90
114 93
188 174
189 24
100 24
46 52
123 233
124 134
197 72
72 100
143 12
54 52
19 18
2 38
58 59
235 141
61 94
134 124
9 40
119 157
138 115
156 137
158 118
69 14
34 32
125 225
109 103
38 173
132 162
223 227
61 207
153 35
136 165
10 9
102 78
139 208
195 15
227 228
161 163
0 239
55 92
38 60
202 103
149 23
169 163
227 117
82 26
136 52
212 188
50 51
67 201
18 72
1 0
57 99
195 227
233 220
169 204
28 145
46 63
47 183
48 101
174 112
213 155
217 216
124 157
112 2
129 228
147 78
149 233
6 162
62 95
141 31
18 161
199 226
201 135
128 60
221 220
77 119
42 43
82 130
228 229
67 33
213 66
135 201
159 26
72 180
141 112
17 162
108 229
1 232
40 93
20 233
62 185
64 67
82 21
120 160
209 208
140 168
227 122
141 193
230 229
145 179
235 234
146 140
104 58
163 172
231 233
169 53
225 48
44 89
28 232
194 215
104 73
47 188
219 197
167 168
80 210
227 133
27 32
12 193
106 228
31 167
197 203
105 238
181 129
55 61
111 64
40 181
131 30
222 221
23 20
116 61
151 67
232 231
86 203
90 205
55 82
44 193
228 115
139 95
231 230
53 104
92 213
94 209
148 231
152 226
188 187
101 129
194 46
195 196
33 212
179 117
162 7
200 174
219 218
215 153
93 114
221 189
224 143
97 119
170 71
61 105
5 6
78 147
104 223
105 215
159 123
215 14
186 199
24 75
188 108
223 222
156 5
49 69
32 27
212 90
68 167
90 212
109 227
164 197
146 111
2 232
22 239
42 172
116 171
207 161
62 171
210 208
65 69
47 221
176 64
227 104
216 215
89 79
191 118
73 133
201 88
219 162
57 118
214 189
4 224
22 94
10 203
155 116
194 41
68 69
33 237
216 70
108 44
73 22
36 110
55 130
165 51
180 116
172 171
119 97
156 237
176 174
30 25
31 149
161 222
52 46
198 197
234 35
87 88
112 134
202 8
186 206
20 23
35 174
127 225
81 103
32 18
86 197
74 78
75 84
147 140
187 232
48 178
191 127
193 1
233 122
161 56
200 77
164 83
239 180
190 189
191 204
11 151
174 140
233 11
216 77
196 153
35 198
143 105
145 55
184 118
55 155
124 161
221 239
80 199
190 12
10 69
172 162
47 56
30 0
122 123
161 215
52 53
199 198
111 95
77 27
62 202
66 153
85 171
212 104
233 210
35 36
17 142
74 73
129 63
182 181
166 100
183 228
189 221
194 136
51 228
235 214
201 74
74 216
21 106
115 67
114 115
118 220
155 66
9 229
12 22
51 21
126 140
219 33
19 60
129 217
147 115
90 179
5 113
153 152
227 161
9 118
118 79
229 88
62 98
61 116
102 149
109 61
56 55
55 1
205 223
188 121
153 9
228 128
28 37
157 156
213 111
106 107
90 161
182 140
111 213
96 205
42 153
208 92
189 214
8 9
120 195
11 52
157 13
231 10
51 237
144 14
145 144
201 115
142 212
137 228
146 235
97 34
79 118
27 148
48 63
194 50
12 13
216 91
162 43
17 94
201 220
55 233
220 168
221 129
224 171
24 56
133 181
155 200
232 187
30 114
198 46
113 51
96 85
111 109
222 160
84 65
157 149
213 104
106 82
87 212
235 55
143 166
200 19
92 1
147 163
111 210
40 39
114 18
205 169
2 204
99 113
118 191
120 202
48 167
179 41
90 91
145 137
92 176
164 72
94 180
39 38
130 40
80 29
48 54
178 211
69 53
125 56
15 9
180 72
37 28
221 154
77 181
226 199
209 5
27 26
119 69
230 72
141 46
162 149
92 105
55 23
164 145
182 239
204 197
223 59
19 187
186 226
82 83
31 30
14 66
72 197
106 93
70 111
164 224
75 112
93 134
21 20
97 195
95 125
43 11
171 94
100 72
190 206
168 227
176 99
213 226
33 17
216 186
215 194
200 105
129 179
239 200
5 219
226 111
83 1
211 52
47 111
12 3
13 139
106 162
214 67
15 22
216 41
201 206
24 6
134 63
100 174
158 159
106 53
162 172
220 45
111 115
184 129
41 211
42 227
6 5
62 230
228 189
28 50
68 137
89 4
72 204
53 54
14 69
98 202
5 179
163 238
193 230
211 76
157 24
140 112
214 235
33 42
90 45
53 167
36 33
164 126
236 60
131 184
22 116
95 139
97 53
190 64
193 151
51 113
180 94
143 74
37 14
111 11
226 217
62 30
119 91
103 200
141 32
16 204
198 19
91 119
199 163
19 201
126 59
166 40
96 122
127 139
116 117
37 159
227 42
65 155
88 153
141 177
127 24
92 238
93 152
74 148
99 100
174 75
32 187
69 159
54 86
182 27
57 165
58 29
22 15
152 218
98 180
44 24
100 205
9 10
69 32
179 173
15 100
17 58
203 204
130 164
223 129
225 226
228 220
13 14
158 163
126 34
108 140
114 167
99 28
62 144
120 119
85 81
214 138
90 140
53 56
199 41
236 163
0 188
38 105
152 178
188 139
171 69
150 88
100 101
48 67
176 8
175 64
233 73
33 36
179 5
72 73
53 169
63 115
1 83
238 239
77 200
169 127
224 223
97 71
29 208
104 143
160 161
179 178
162 70
53 218
145 6
215 94
111 25
203 197
131 55
42 77
98 62
61 170
227 203
76 77
119 41
66 87
49 53
157 193
31 109
15 146
109 19
164 181
202 64
3 113
77 42
39 157
116 123
26 178
82 55
46 177
157 114
212 153
51 166
97 239
78 59
43 119
27 209
120 237
154 30
104 103
122 209
190 234
29 56
201 25
110 61
129 159
221 70
204 2
224 214
170 126
153 222
77 193
190 117
74 233
229 6
176 158
103 102
56 121
184 46
113 120
77 82
10 29
138 214
67 68
12 182
141 75
91 90
92 68
111 151
203 75
77 35
42 199
168 55
116 66
62 130
3 118
189 148
46 184
67 213
196 58
214 132
141 220
143 136
181 69
182 125
221 46
130 111
95 94
115 138
65 31
211 104
193 194
140 20
142 133
73 79
36 69
70 221
41 22
224 237
95 239
10 181
88 87
52 69
108 106
111 47
130 177
148 27
224 92
133 132
228 201
137 193
31 83
161 144
220 8
3 127
206 207
82 41
28 109
229 225
124 25
161 1
70 69
71 73
18 87
164 10
238 17
221 39
129 120
115 147
166 167
99 128
191 165
29 10
12 70
122 227
69 115
143 6
220 225
238 128
94 133
222 94
224 228
170 96
153 168
62 82
100 225
83 43
138 73
11 205
195 120
225 157
79 46
84 155
31 203
36 211
56 7
132 164
62 61
210 90
97 165
137 202
157 172
138 216
178 115
159 23
72 135
15 233
126 94
198 118
19 234
185 35
3 100
115 235
162 194
20 228
0 233
28 100
85 117
232 2
49 169
161 26
144 62
71 70
200 43
74 179
238 24
163 161
145 192
22 179
5 153
169 202
188 175
9 222
189 23
46 53
174 110
190 159
211 118
33 192
216 107
144 77
54 53
131 130
115 9
64 175
118 22
209 60
156 138
30 34
195 97
34 33
162 106
36 218
113 99
94 31
130 131
42 33
205 8
25 111
136 166
45 20
209 77
38 162
85 141
30 77
31 65
159 28
217 61
161 162
108 239
202 100
186 154
149 22
187 207
25 24
169 162
62 183
120 154
28 99
176 92
46 205
213 41
196 23
107 33
233 157
71 63
218 36
18 73
94 228
166 209
5 130
43 83
173 182
152 202
29 28
30 154
231 64
145 74
219 207
57 211
239 0
167 178
81 226
172 191
122 100
12 203
215 123
17 16
197 193
201 134
59 32
42 40
6 50
82 131
209 70
139 200
14 146
17 161
181 40
180 190
184 185
40 94
149 31
116 166
122 141
174 9
231 232
51 139
234 233
72 4
71 52
33 97
194 165
217 183
165 191
92 223
22 77
116 213
188 189
100 15
174 120
105 92
213 163
94 126
77 158
204 93
222 51
97 125
190 24
83 62
176 177
178 141
141 23
38 220
6 53
227 21
81 116
63 172
66 141
32 5
160 74
235 85
199 107
163 199
70 209
111 176
207 219
64 91
29 125
14 4
56 197
239 161
168 169
115 111
190 176
154 68
47 68
218 217
221 188
239 22
115 28
225 212
172 173
11 233
87 66
52 32
184 216
43 152
61 217
64 35
226 152
155 156
233 231
216 160
147 148
199 96
182 184
110 144
4 82
132 47
116 180
23 157
43 41
65 68
82 4
135 18
171 124
194 183
33 115
210 209
90 68
73 132
236 235
193 15
14 15
217 129
219 165
97 30
115 116
56 204
128 228
100 61
30 143
105 78
233 1
124 171
236 122
184 112
77 144
60 200
5 14
101 26
176 175
105 223
52 47
162 142
18 139
108 188
220 115
199 200
223 198
232 214
213 92
233 232
141 154
90 220
126 125
162 225
91 141
140 199
40 51
108 211
4 89
115 204
149 42
24 194
100 85
191 126
29 79
47 229
157 58
212 209
141 235
159 129
161 63
237 236
194 142
93 210
213 205
78 115
104 191
12 24
123 141
15 61
53 234
143 104
220 219
59 223
222 36
6 143
209 17
118 117
137 135
172 163
101 3
30 1
123 122
159 104
52 54
180 227
55 11
38 193
131 116
116 11
134 227
65 165
211 194
49 118
90 167
15 211
127 126
182 138
165 194
40 58
186 185
169 135
223 92
116 186
95 1
99 66
75 76
193 25
104 23
212 216
140 77
214 204
89 88
144 8
161 48
217 147
213 214
129 175
75 221
78 122
98 150
81 182
11 143
158 50
125 37
162 17
201 218
93 92
221 135
42 100
205 77
80 191
64 153
119 118
137 136
178 177
14 198
141 59
158 93
197 174
161 239
220 65
55 0
96 95
224 4
59 69
39 202
81 80
228 129
28 38
102 101
32 33
31 43
107 106
141 140
129 55
96 206
114 24
25 198
52 211
210 186
48 161
104 30
11 55
68 44
233 107
179 35
238 201
21 114
97 33
170 169
39 40
98 145
100 42
9 237
211 41
158 53
51 29
178 217
143 126
112 93
129 209
94 93
184 5
238 184
119 79
229 64
137 177
195 48
84 211
107 210
52 4
17 238
55 25
20 45
186 216
222 161
223 61
185 234
226 188
45 99
211 208
121 82
156 106
88 133
160 109
142 45
178 59
18 7
74 120
163 232
181 30
3 188
167 31
60 59
238 97
171 88
118 188
26 199
193 235
104 5
232 90
67 155
28 172
72 46
218 21
143 214
75 203
168 140
5 209
151 150
193 132
123 144
86 4
69 52
214 73
126 191
53 197
128 127
37 27
184 12
130 216
60 236
10 127
155 192
139 138
229 73
66 112
232 163
106 203
35 77
163 0
92 106
19 186
168 85
77 5
120 99
228 183
66 227
164 225
93 133
203 6
186 82
96 220
42 136
228 6
48 95
174 62
104 12
213 225
63 71
125 95
139 104
53 93
54 69
110 38
238 219
2 119
128 199
97 51
152 205
226 108
44 43
78 79
95 141
191 227
48 46
195 145
193 157
112 75
224 186
205 120
152 124
6 107
209 125
118 81
154 221
156 201
232 170
103 210
13 27
52 10
198 25
109 39
0 48
55 111
146 51
21 171
127 141
42 224
188 7
