52 332
218 116
181 96
110 190
111 227
280 335
119 308
53 166
327 331
132 331
336 166
299 298
318 26
265 110
124 221
52 98
53 215
189 279
264 82
119 90
137 164
284 13
85 230
15 143
184 137
133 304
62 238
118 278
213 2
86 240
236 165
56 323
240 160
203 52
297 63
170 311
99 103
249 342
213 243
127 349
94 174
117 343
50 304
250 104
108 126
273 215
221 313
340 89
269 99
259 149
26 168
61 257
69 246
359 28
224 353
225 24
26 219
230 267
287 208
235 163
325 45
328 287
201 23
3 297
97 70
153 212
26 74
64 265
316 288
102 209
339 129
103 104
117 139
291 98
1 280
58 347
210 110
35 105
92 78
182 200
239 265
186 135
258 280
262 304
135 194
290 169
1 58
310 44
206 109
262 195
105 126
72 113
129 158
183 327
149 211
6 196
210 291
263 303
357 80
176 159
124 317
106 336
238 301
20 96
63 130
157 217
195 26
72 303
181 211
200 356
347 247
20 215
114 214
208 159
9 322
247 342
138 166
309 191
256 293
39 106
171 178
190 146
81 304
18 291
19 6
274 185
332 71
336 130
9 60
356 333
303 326
75 303
113 112
317 358
85 250
104 269
160 47
14 190
90 288
180 162
109 4
331 22
4 112
132 77
354 237
355 156
322 335
198 314
71 72
199 23
19 341
240 204
166 164
260 169
27 174
317 72
122 224
216 101
142 141
217 204
112 22
240 91
293 47
296 221
60 302
175 207
13 160
60 157
26 285
316 119
226 245
340 125
13 49
141 124
235 97
198 119
16 347
164 163
202 122
231 356
97 128
23 120
117 77
282 50
50 54
69 234
268 65
359 0
175 301
236 333
326 203
188 168
26 63
154 104
353 111
211 121
339 44
358 248
340 339
359 145
141 350
50 137
55 184
97 98
150 212
244 247
154 155
328 138
257 146
59 42
352 16
206 175
102 76
301 169
286 263
183 133
257 3
314 84
206 222
148 211
21 75
149 134
152 150
262 175
319 298
266 162
177 325
309 320
238 350
280 122
100 347
20 4
77 117
21 301
280 233
300 276
252 253
253 276
290 286
110 135
43 58
134 151
119 335
228 118
87 173
238 43
256 257
20 346
80 69
333 301
261 16
289 335
327 275
184 99
227 135
137 147
318 210
86 94
179 296
288 1
218 334
184 210
113 28
275 253
204 173
132 146
223 211
240 266
65 209
247 201
32 6
86 201
251 138
17 342
15 199
94 324
65 66
283 183
264 249
194 358
284 228
86 312
236 237
94 215
351 204
118 201
302 256
127 277
94 102
249 255
88 59
306 78
202 15
353 169
155 159
107 134
198 83
37 351
259 237
26 224
174 24
163 265
292 99
150 1
334 290
151 312
102 270
139 272
339 200
69 95
310 347
2 8
220 221
225 177
334 333
244 203
173 49
282 296
139 353
107 309
35 80
163 103
201 184
116 13
150 355
135 245
304 191
106 103
35 33
183 233
96 49
257 111
352 171
44 177
266 247
49 205
68 63
196 116
305 347
128 252
148 247
45 281
263 230
48 3
105 54
10 240
286 29
120 294
285 298
310 135
152 97
299 146
101 2
195 69
33 290
161 213
324 359
342 276
24 91
208 200
6 31
9 265
318 285
0 196
54 267
238 84
336 44
265 224
266 267
110 18
114 113
39 50
332 56
318 127
137 62
156 334
251 72
52 143
345 131
5 127
190 53
318 206
63 265
341 183
14 199
18 250
56 57
203 186
104 325
345 93
19 284
131 310
27 249
308 344
288 267
151 152
189 69
122 24
250 85
51 28
217 260
198 157
164 261
222 23
331 316
316 72
226 202
140 286
326 113
202 35
41 231
26 341
212 120
163 340
329 188
40 41
26 196
338 306
212 239
141 277
272 76
22 120
245 353
13 347
16 65
287 140
153 104
49 15
233 314
163 3
82 81
45 91
300 152
304 91
233 203
31 24
267 33
286 351
72 199
36 354
129 0
115 171
22 309
44 149
135 110
0 275
348 291
149 190
314 255
333 177
334 250
48 47
124 282
128 119
111 12
280 178
138 48
229 113
309 41
20 60
190 356
191 53
67 251
289 21
53 52
110 191
309 90
114 2
42 295
208 67
333 356
30 284
143 39
128 260
167 157
332 92
6 293
124 222
18 335
241 30
66 67
104 274
284 14
51 301
251 197
52 18
86 134
29 333
240 338
222 326
351 102
8 88
189 135
355 99
193 76
321 55
85 86
62 239
66 242
269 303
288 184
166 185
4 44
297 62
354 185
355 240
249 341
50 350
175 69
250 6
344 127
142 182
51 203
251 291
169 116
61 62
99 247
118 49
249 198
47 127
344 238
108 127
198 249
145 3
179 175
41 178
296 113
353 352
249 183
13 12
108 142
326 93
255 73
202 71
60 105
188 22
282 223
211 239
212 156
140 145
268 94
122 286
2 174
330 227
225 31
267 286
88 273
328 256
316 289
151 352
301 51
103 107
69 23
268 188
178 318
129 322
130 189
187 52
277 186
153 68
44 347
135 172
45 46
49 43
174 306
324 251
162 266
144 257
325 334
36 311
349 344
301 213
234 136
253 188
328 77
291 323
186 119
21 54
115 135
25 179
153 358
45 208
105 125
305 355
215 224
181 304
239 238
333 85
280 31
81 132
266 30
285 274
34 18
125 211
185 166
21 264
314 258
243 152
299 218
138 212
15 302
162 206
200 357
91 92
20 208
115 338
229 230
33 91
252 73
147 207
76 159
241 216
42 283
333 264
100 21
191 190
321 320
90 15
218 248
75 337
184 72
312 125
19 9
132 296
247 119
29 160
194 97
342 169
184 55
19 118
185 354
133 130
62 56
63 321
265 282
29 337
322 221
123 58
303 310
217 49
180 163
199 129
260 27
320 294
284 129
71 75
199 22
166 165
296 335
260 170
189 28
65 22
32 217
213 150
75 157
41 29
353 275
279 15
320 196
175 206
231 278
179 139
108 99
112 102
131 44
60 158
23 10
297 308
279 124
65 304
231 359
69 344
236 319
2 259
3 102
22 198
207 206
282 51
283 278
50 55
69 233
175 300
236 334
2 178
23 232
117 253
174 108
268 209
306 284
220 250
150 213
315 22
335 219
173 204
301 23
177 9
13 355
197 198
201 131
183 23
130 129
59 45
349 267
7 325
120 45
338 28
102 77
49 87
301 168
182 213
183 132
257 2
276 282
281 132
149 133
152 151
314 196
334 131
105 89
177 324
72 110
256 117
129 249
152 6
243 199
337 126
45 325
232 340
30 43
195 104
200 306
185 194
239 115
77 116
314 294
138 200
253 275
91 184
181 54
242 4
152 292
280 281
266 276
252 109
275 30
114 74
294 334
5 137
261 31
100 9
318 64
9 206
30 340
56 175
132 268
318 211
321 221
104 219
123 105
194 69
63 276
270 150
237 33
113 19
66 139
51 357
344 281
15 198
180 135
146 115
184 322
4 85
27 284
51 146
237 323
165 166
355 264
283 39
303 40
198 182
236 125
37 124
166 336
117 270
47 55
17 0
202 12
95 347
320 95
65 284
302 227
326 165
26 225
287 282
254 331
74 213
221 2
3 211
224 298
358 229
287 171
35 194
130 242
7 280
282 297
301 123
83 206
125 343
287 56
107 308
272 271
328 167
1 327
59 73
352 61
116 14
45 118
300 181
282 344
254 180
129 59
334 108
45 135
101 303
300 68
324 66
290 238
1 97
21 110
333 140
152 243
334 159
30 244
233 8
195 183
31 325
347 16
149 266
333 29
134 86
176 344
72 281
253 326
128 27
110 305
20 25
21 320
228 132
229 173
67 30
285 75
343 181
290 291
20 136
208 88
336 45
191 97
194 135
161 54
218 1
56 220
171 253
9 234
123 132
143 115
42 98
317 316
62 97
100 188
356 262
321 185
14 196
332 287
223 54
65 188
29 281
86 234
269 266
217 105
75 71
240 134
169 142
354 146
118 187
355 215
283 146
213 221
142 219
273 88
293 21
166 237
13 150
216 94
41 85
151 8
207 352
140 287
175 134
107 212
127 153
353 180
226 186
245 78
211 210
84 76
301 300
231 175
70 107
329 163
2 203
292 49
349 32
23 163
340 293
73 166
291 251
202 258
330 351
22 121
116 332
173 131
248 188
174 164
306 292
126 189
35 254
201 202
183 46
173 20
282 269
139 140
103 215
339 340
197 158
1 163
36 284
183 95
96 111
258 306
135 216
229 269
211 270
301 240
68 141
31 27
106 88
253 151
200 29
73 273
328 82
290 131
257 74
348 141
152 160
315 316
334 72
337 164
120 212
49 232
234 292
0 276
314 252
78 77
10 149
263 197
176 245
30 208
157 322
219 9
58 249
151 276
162 171
0 50
72 309
209 140
285 47
54 276
312 243
265 3
266 300
90 40
56 248
128 261
327 325
111 338
260 258
171 217
299 300
356 171
29 219
345 158
227 222
85 228
29 332
344 290
18 223
218 263
222 327
284 190
51 349
14 83
307 199
18 110
56 325
19 315
75 99
331 253
95 108
296 340
249 340
122 202
47 137
32 190
236 54
74 297
331 330
316 254
8 183
136 332
155 56
320 249
122 61
250 118
112 123
293 154
41 177
38 343
278 294
151 44
207 324
269 97
344 158
14 284
164 137
329 206
168 76
296 1
131 64
192 82
69 244
37 278
258 69
97 235
353 65
23 199
282 79
192 193
339 18
121 221
140 97
173 342
2 94
130 11
174 192
103 106
305 55
163 81
183 50
257 180
40 292
153 75
82 163
120 18
248 71
234 102
35 107
163 62
182 206
36 304
183 163
96 11
101 278
138 352
301 212
102 49
234 137
328 78
129 99
186 116
7 6
281 344
263 152
176 2
219 228
58 42
183 321
81 251
334 215
124 319
0 111
238 307
186 342
276 212
208 258
6 85
209 95
63 140
101 89
200 358
232 23
90 157
147 206
111 257
265 63
321 327
33 203
53 184
238 252
20 311
147 63
132 297
191 270
251 115
199 243
203 244
39 330
42 58
294 13
119 56
85 248
104 271
86 163
284 19
38 6
169 181
260 4
354 235
80 264
247 148
142 224
217 161
18 82
296 304
169 198
27 160
264 174
283 90
47 173
175 88
28 159
193 216
344 92
198 331
112 8
95 209
350 22
245 228
118 18
154 293
335 358
250 138
127 192
293 190
84 21
250 253
88 208
16 349
235 99
108 243
2 256
22 199
117 75
248 278
174 2
230 346
50 52
73 237
221 61
59 334
154 118
102 352
103 57
141 348
55 186
97 96
82 244
154 153
102 243
304 262
291 0
257 144
311 93
49 86
230 23
31 66
253 238
73 344
36 340
24 308
44 207
48 138
215 278
200 85
73 297
77 273
96 134
149 132
295 350
44 94
25 142
101 155
116 201
333 231
30 153
267 249
286 39
128 129
239 13
257 291
295 303
43 286
280 124
134 107
10 173
232 341
195 107
342 270
0 75
276 232
138 201
158 140
162 211
0 250
336 66
134 149
357 340
90 113
242 148
318 65
265 91
146 334
274 155
312 26
332 101
8 307
100 153
156 155
85 299
356 355
14 233
179 298
342 202
204 175
80 357
189 349
265 309
216 293
344 282
86 207
90 258
18 39
184 323
166 119
331 52
332 331
65 64
327 192
94 213
331 133
296 300
188 266
170 269
189 63
249 268
47 65
344 56
17 118
255 290
37 123
122 117
89 356
71 332
41 137
297 279
23 41
245 105
283 324
325 193
326 154
292 30
168 4
3 69
352 353
226 262
174 30
212 213
140 90
306 174
163 267
130 64
335 9
70 302
221 178
130 243
334 339
335 190
173 47
121 262
304 290
31 145
16 246
287 59
224 9
258 303
25 72
44 284
49 114
31 38
72 173
206 56
315 275
263 83
357 180
286 240
334 156
263 224
232 290
30 245
233 15
31 324
358 294
290 94
219 44
256 82
58 226
208 315
243 162
135 298
176 345
162 132
256 193
314 315
191 19
319 46
253 310
347 305
294 280
39 95
43 24
104 26
266 265
252 114
80 35
100 46
194 55
160 139
52 137
167 328
8 303
284 36
270 115
199 187
15 180
38 255
331 67
39 274
332 280
166 0
321 41
85 176
14 116
199 72
19 286
298 299
355 214
213 220
288 269
274 304
94 177
131 329
60 353
75 215
99 221
122 38
88 106
51 30
178 212
278 283
98 31
65 334
84 222
306 112
141 49
16 278
258 207
349 142
278 138
249 10
3 161
278 101
248 334
49 291
306 338
36 63
202 259
311 231
3 206
349 80
316 287
154 174
102 296
267 325
178 280
291 75
183 41
311 20
348 104
130 215
150 146
281 33
64 351
172 318
49 13
144 295
352 218
153 31
262 331
49 158
68 142
343 276
239 359
77 328
44 151
125 92
55 305
148 149
239 212
333 175
334 248
120 324
232 286
195 146
124 276
148 4
134 51
82 256
252 176
87 113
72 310
200 331
110 210
347 236
161 247
204 307
324 325
205 198
43 247
9 299
318 319
138 129
289 43
0 162
20 173
333 354
336 10
100 115
29 41
266 301
33 46
18 314
238 225
20 284
260 259
170 129
336 153
119 166
213 301
342 131
308 23
56 104
274 227
294 230
132 197
355 20
66 65
322 247
342 242
19 205
294 113
332 316
204 247
283 192
247 179
85 84
108 347
308 309
240 163
38 106
165 236
95 111
170 306
264 179
193 243
212 329
283 113
65 8
236 55
166 270
350 59
61 60
151 190
155 59
122 58
51 122
217 358
37 51
202 242
293 153
203 279
259 9
278 295
245 176
249 181
302 169
340 100
13 10
269 96
202 69
60 107
188 16
117 118
279 203
287 332
325 153
145 291
3 157
188 135
278 1
353 64
316 332
211 94
12 85
359 110
287 221
69 132
201 20
36 83
3 298
151 354
64 268
117 136
335 193
339 130
267 353
254 19
1 285
291 103
328 145
45 44
301 66
103 250
262 311
101 277
49 186
103 331
267 79
233 165
12 266
290 164
34 334
129 98
21 52
243 124
152 189
244 291
266 141
267 220
125 96
200 137
181 318
57 256
58 43
276 102
295 266
77 253
45 351
120 352
266 28
30 205
285 272
286 91
34 16
195 142
200 280
91 33
239 89
77 78
149 321
15 296
110 238
115 340
78 328
280 319
336 103
243 267
229 228
157 71
181 65
100 23
119 277
284 334
124 141
289 160
238 253
20 304
167 131
86 49
274 199
42 59
351 55
65 202
137 197
247 230
303 304
216 330
344 319
90 303
184 168
223 9
62 137
94 254
260 148
170 278
297 169
335 353
118 19
193 328
88 34
341 304
359 351
112 152
26 280
246 247
175 185
107 159
164 174
2 257
258 183
187 263
352 326
226 355
245 5
173 296
192 191
248 279
212 178
287 288
254 301
2 176
168 184
102 353
339 49
16 124
93 98
202 347
168 327
301 21
69 9
197 196
221 222
349 265
206 178
45 16
300 211
286 266
234 91
305 163
36 341
239 302
257 0
206 221
337 338
230 231
68 198
286 149
34 338
253 94
196 19
159 169
215 273
291 353
152 153
262 162
120 269
195 221
181 274
346 339
148 77
257 290
171 356
181 131
200 308
347 167
111 70
257 339
295 191
176 269
90 207
72 334
39 186
332 128
167 65
152 294
209 203
9 355
356 14
357 339
124 34
252 111
214 164
271 39
111 292
275 32
6 336
191 220
33 214
289 332
147 90
136 201
317 278
322 140
252 333
237 31
240 269
56 32
27 353
63 359
321 76
217 19
307 145
17 331
146 113
260 249
85 12
303 69
194 357
255 348
74 287
165 164
293 127
331 132
95 167
297 116
170 266
99 160
28 252
296 188
331 277
118 127
65 353
344 168
198 199
202 10
4 260
316 22
249 109
178 19
144 143
325 192
164 194
255 3
350 301
338 333
122 340
112 354
3 213
25 301
151 309
358 155
130 240
352 64
338 111
304 291
358 106
159 111
324 174
96 69
186 203
206 142
244 69
45 116
106 98
31 33
35 34
182 183
239 322
187 239
277 97
315 274
300 70
230 131
129 170
148 242
183 283
314 230
172 8
11 138
233 14
34 233
54 236
262 25
157 237
67 115
124 352
252 173
324 354
34 88
219 92
347 131
20 27
114 138
204 264
43 138
280 200
190 335
157 158
252 28
290 289
208 90
336 47
190 222
228 21
266 310
52 283
289 255
87 178
327 355
271 59
238 202
270 342
5 235
6 316
321 270
29 245
156 329
85 349
33 242
274 252
312 55
275 173
133 183
227 164
63 266
240 297
203 191
19 176
189 352
62 246
321 40
247 174
32 37
142 46
184 352
94 295
260 221
354 144
85 32
198 257
326 330
237 293
240 23
331 160
4 218
297 80
166 227
189 66
27 107
249 303
250 80
88 107
178 213
344 21
37 30
38 297
154 282
14 262
108 165
198 35
326 116
202 46
127 155
221 322
353 202
316 58
211 212
84 78
13 118
107 103
273 265
93 136
22 140
259 202
26 195
102 350
69 175
97 62
153 252
102 297
174 170
201 200
245 287
248 45
121 289
31 116
96 97
153 30
301 238
304 94
230 220
159 208
72 202
0 359
254 214
21 31
149 74
281 322
357 215
171 287
334 249
120 325
266 121
105 23
195 149
34 13
324 311
346 267
290 99
343 117
96 318
158 186
34 124
162 169
309 54
20 63
185 248
295 71
209 130
318 316
191 54
158 197
20 174
9 187
158 340
342 17
33 45
308 97
133 26
261 85
66 47
237 86
75 263
113 72
203 202
294 231
76 84
242 300
133 171
62 3
63 302
14 166
52 29
90 328
327 101
240 341
204 240
42 215
351 99
321 52
247 178
32 65
308 310
19 317
4 47
212 330
250 5
166 271
169 121
331 332
51 125
41 183
98 32
64 240
65 297
340 101
144 184
198 15
326 80
37 131
112 204
202 66
131 66
258 208
192 84
249 37
69 242
325 152
164 26
112 347
98 258
339 20
16 17
22 27
97 90
26 86
245 322
173 229
248 218
305 53
235 308
272 314
257 138
286 303
163 32
349 341
187 166
334 59
211 300
215 268
200 59
291 324
129 97
92 249
7 0
72 117
290 20
200 138
219 230
314 158
333 82
6 184
153 276
172 208
286 88
181 174
346 239
238 305
111 45
239 88
24 103
78 222
208 260
261 262
319 16
87 20
343 142
256 138
204 336
171 25
134 175
63 31
105 301
161 3
0 143
110 94
63 108
32 272
18 287
274 181
191 264
104 226
321 246
322 169
214 123
75 291
39 324
62 63
137 196
123 63
14 130
327 73
166 73
41 352
332 289
80 266
136 12
193 45
303 160
109 145
327 222
4 3
189 25
27 162
246 42
47 175
122 236
37 69
297 168
245 226
246 69
193 335
28 264
112 153
330 32
41 147
250 251
69 325
107 158
74 45
202 102
349 245
60 8
117 73
226 352
212 179
175 297
140 176
221 59
349 102
97 245
23 229
117 250
192 303
102 358
211 125
174 115
16 125
3 265
244 243
192 350
103 136
178 289
16 140
206 179
83 164
286 267
325 303
36 342
206 34
120 159
135 34
234 235
72 2
115 100
333 229
244 256
220 313
149 243
333 118
171 359
82 310
45 322
266 49
195 109
110 280
276 234
137 292
228 227
72 335
343 146
332 129
115 307
9 354
194 190
57 110
322 26
143 24
218 219
185 274
167 166
5 7
63 273
137 151
194 64
341 159
160 208
342 200
289 316
252 334
251 142
216 295
179 349
90 256
199 102
203 99
113 225
136 40
355 188
32 137
216 214
255 351
74 284
331 135
189 61
249 274
222 63
166 343
297 132
279 44
27 63
47 48
231 311
178 129
16 300
296 76
41 143
188 106
222 206
64 56
83 260
320 82
279 157
212 96
95 324
88 174
198 87
259 209
207 175
212 215
69 202
254 334
292 111
130 94
334 294
304 341
267 347
70 300
59 221
277 142
206 284
172 340
245 314
358 107
125 340
163 107
36 251
55 9
183 116
96 70
220 72
276 330
1 324
44 286
82 105
102 108
46 308
31 32
144 332
276 313
186 187
120 187
101 300
67 340
304 2
200 115
348 347
149 166
243 55
177 357
125 39
77 132
138 24
195 73
124 353
324 355
275 353
39 200
186 268
314 313
208 204
6 19
81 82
185 227
181 23
347 307
185 76
336 32
30 292
308 142
309 243
332 52
170 171
336 191
318 99
265 117
160 141
218 191
184 3
356 257
179 264
18 246
38 253
204 205
351 14
136 117
247 169
104 329
341 36
160 107
307 236
236 190
146 82
203 15
298 297
65 34
212 311
86 344
74 304
331 163
95 154
297 87
188 296
227 274
246 18
249 302
198 145
71 157
112 82
222 27
259 47
296 153
316 68
151 5
359 358
16 264
269 122
127 154
74 18
202 47
130 256
221 321
3 18
259 188
245 75
47 325
107 102
255 38
3 163
188 253
279 278
102 351
306 336
126 337
221 99
358 132
130 213
3 321
245 286
139 129
286 304
106 52
163 7
186 236
258 305
277 19
22 350
120 104
102 8
230 221
34 296
254 215
314 8
44 145
125 90
215 216
219 157
276 76
243 19
6 221
280 7
44 32
334 254
11 169
34 10
347 113
185 142
295 241
137 275
300 329
263 343
101 34
162 166
346 187
204 301
21 353
43 233
243 305
209 129
318 317
265 183
15 327
347 287
185 104
39 125
42 291
294 314
208 71
104 120
194 230
33 44
87 337
342 22
270 307
327 326
271 30
6 281
119 160
86 43
251 104
160 169
199 264
293 323
5 95
80 144
354 339
65 236
63 297
318 238
104 278
303 286
322 245
180 203
166 34
223 23
227 80
355 103
160 119
19 316
240 165
331 254
350 174
354 181
118 154
65 14
264 181
212 331
213 254
307 121
127 344
75 245
94 147
131 167
4 191
353 267
316 249
354 36
250 117
236 64
330 13
98 33
297 220
226 234
175 167
250 228
141 83
306 18
340 102
144 185
3 14
117 116
282 219
140 141
352 299
278 7
188 129
353 70
338 274
174 84
177 144
69 130
126 333
93 28
59 148
316 317
102 202
174 199
301 47
177 225
163 82
182 338
220 129
172 284
31 107
162 262
163 35
183 188
224 51
206 199
116 65
150 303
286 191
91 261
73 306
291 327
0 324
186 115
243 126
120 243
68 115
196 72
125 126
347 44
280 99
44 4
334 218
30 51
181 173
219 22
347 93
54 213
77 76
205 23
333 34
208 261
134 29
63 137
300 301
138 208
176 355
30 66
43 324
161 145
15 298
0 17
347 202
241 323
167 95
205 232
157 69
67 219
290 358
76 155
332 237
80 94
190 151
356 251
270 271
56 151
275 119
303 333
342 173
109 110
184 59
203 233
185 358
294 0
155 330
264 115
29 301
303 306
199 125
327 72
271 272
298 350
89 115
145 193
236 134
199 18
75 0
293 89
56 356
122 237
160 258
307 85
255 267
273 37
113 294
166 296
169 84
98 82
297 175
118 17
227 298
193 334
302 344
246 90
88 36
17 24
108 95
221 280
296 81
353 128
64 221
335 272
246 245
279 120
212 77
340 122
326 189
37 166
349 244
60 9
23 119
26 137
117 72
173 294
64 76
174 1
278 176
50 51
359 63
255 254
164 63
330 259
22 181
150 126
188 165
248 136
197 49
248 247
12 202
16 141
291 5
220 101
183 19
221 220
224 96
59 33
206 176
135 140
301 164
304 136
325 302
149 16
337 336
120 160
263 104
262 273
230 229
49 164
305 306
328 109
129 76
58 90
295 347
334 135
11 96
295 296
333 117
280 127
195 108
33 281
256 248
347 185
81 117
232 231
0 253
346 115
76 296
114 247
43 49
134 136
147 239
332 17
5 245
137 5
342 94
345 170
274 150
5 6
136 203
100 132
191 303
123 109
14 236
15 93
223 222
351 21
62 216
355 46
246 277
32 27
142 80
307 147
18 34
240 158
113 224
350 215
260 251
283 138
193 8
216 215
142 195
240 237
94 216
350 102
264 333
155 116
47 66
340 184
213 182
160 302
303 52
274 346
198 197
202 8
3 57
188 107
279 156
83 263
302 231
231 135
88 175
144 129
127 118
329 139
330 212
164 83
150 26
117 221
154 73
338 218
358 153
231 101
267 346
35 198
1 298
310 348
130 206
352 66
277 141
177 41
305 124
163 106
348 54
116 10
82 102
339 301
103 316
35 36
182 181
314 117
300 64
48 169
176 126
139 66
266 240
11 63
324 78
230 129
357 177
229 358
129 168
115 67
334 227
281 277
263 221
232 293
267 230
286 6
196 128
346 309
219 33
128 96
55 351
77 131
215 21
253 322
295 93
78 279
318 262
191 28
265 154
157 156
105 347
214 343
247 356
15 354
181 22
332 166
115 270
42 332
104 29
157 13
332 53
5 233
318 96
322 127
199 295
56 79
274 250
75 285
294 249
227 166
321 189
341 178
56 62
19 178
39 271
351 9
298 135
27 335
133 198
193 123
86 238
216 260
142 44
109 199
146 83
166 150
260 223
99 113
65 33
213 217
331 162
131 330
249 301
142 334
37 28
27 26
340 67
179 199
269 121
255 80
37 237
258 202
279 160
47 324
13 116
69 284
70 111
254 280
279 273
340 289
359 71
141 272
224 202
97 60
116 328
64 291
335 238
31 225
178 279
359 212
73 59
153 115
282 265
301 91
324 140
287 24
35 115
225 321
82 74
138 328
49 147
72 204
163 151
115 174
206 27
25 218
79 267
300 36
319 280
315 304
346 358
54 95
78 81
6 210
243 18
44 33
7 175
172 238
105 21
124 279
106 358
347 112
57 346
149 298
243 131
6 109
100 280
30 103
323 251
342 309
346 184
181 249
204 302
280 294
137 355
90 133
143 189
167 11
5 188
280 341
63 74
194 231
33 35
218 225
327 321
110 51
53 160
99 318
6 286
9 10
318 28
247 110
203 204
264 88
322 242
19 206
189 130
32 67
142 8
236 163
165 233
240 166
38 105
133 331
355 247
283 114
50 347
142 187
145 117
327 133
274 275
355 324
28 294
178 247
216 62
179 178
89 304
236 65
65 303
250 229
140 319
74 55
296 5
64 97
279 196
212 153
69 240
107 69
73 245
258 65
97 239
352 300
22 174
26 37
154 30
177 151
340 325
69 129
272 173
221 70
311 196
316 318
102 203
304 286
103 102
44 336
82 159
120 22
173 116
139 172
103 247
106 41
31 106
324 224
144 262
150 300
334 57
206 196
44 231
211 302
103 324
34 333
328 114
239 132
186 112
78 2
152 128
48 113
176 6
215 255
129 144
280 100
334 219
262 84
120 355
244 349
105 241
200 283
256 29
276 208
333 33
261 260
137 270
157 211
30 67
90 246
162 203
346 156
181 221
20 221
332 159
280 258
336 90
261 149
87 135
143 145
0 129
39 96
294 295
214 14
33 207
271 125
184 77
132 277
167 188
247 114
356 331
341 249
270 191
76 122
62 61
123 49
344 258
345 111
15 233
327 75
222 295
71 70
94 253
113 340
169 202
51 42
202 130
94 140
131 130
166 297
293 41
28 266
359 344
71 356
221 279
188 64
151 76
226 143
61 206
84 17
250 249
325 233
93 349
349 243
22 219
26 150
245 2
359 62
107 33
73 145
326 205
255 249
225 62
353 97
117 248
316 339
174 113
340 345
55 182
202 326
245 292
358 77
324 181
126 249
224 97
206 177
102 70
144 354
73 348
163 222
254 157
348 194
21 228
97 326
82 18
135 28
138 256
234 233
0 289
254 236
328 110
91 352
206 83
44 90
153 325
262 161
334 132
286 43
162 13
309 330
96 265
280 64
266 63
195 111
176 177
252 132
215 112
162 124
324 265
312 337
275 327
239 126
314 291
81 116
300 274
158 240
252 251
214 328
343 172
0 254
57 3
280 286
228 124
191 72
265 206
90 125
56 197
238 45
104 177
285 132
270 232
218 217
308 91
313 331
8 311
137 149
104 192
341 157
14 237
289 306
271 198
240 256
19 153
166 24
132 152
227 26
264 16
86 195
344 286
217 16
15 205
108 271
94 334
136 42
14 15
236 235
75 47
169 38
188 262
297 121
27 128
264 334
355 271
317 102
175 120
160 303
108 45
236 122
37 103
117 265
335 326
227 329
249 129
88 1
198 58
188 100
279 159
307 334
37 345
292 26
112 278
22 231
23 154
154 39
302 87
287 257
306 170
73 141
168 151
117 220
267 349
140 37
16 91
328 349
129 284
220 219
221 142
206 354
121 266
287 39
126 21
96 88
225 292
120 78
304 181
49 118
106 97
257 97
186 185
183 231
116 186
304 4
358 331
159 142
291 286
21 105
115 66
186 40
263 220
176 206
128 97
55 350
276 25
262 28
215 20
162 128
200 339
110 314
54 146
276 136
43 143
81 80
9 307
63 192
247 359
162 243
185 82
208 93
265 234
104 30
271 4
128 318
20 260
39 40
170 169
6 307
137 32
104 173
32 346
33 247
275 174
354 333
190 63
356 259
85 203
322 239
341 177
180 241
270 119
331 71
193 122
32 56
160 109
307 238
146 80
94 298
331 212
95 119
260 216
27 255
65 32
118 188
47 240
212 305
284 198
303 90
194 324
217 157
71 14
74 318
274 300
240 10
166 230
331 165
188 298
151 150
99 193
246 16
160 331
17 86
131 218
278 287
249 157
16 266
269 120
60 67
278 142
23 73
245 73
83 290
249 14
107 88
325 161
127 21
255 32
112 306
258 122
97 194
259 207
168 228
226 294
102 349
174 62
211 70
70 255
291 254
164 112
59 138
26 113
83 0
248 193
106 163
306 289
272 209
220 191
310 313
3 323
245 284
230 64
159 76
325 340
328 200
182 231
349 334
116 111
334 34
300 150
304 81
103 291
31 6
34 294
215 357
254 213
21 28
101 334
266 149
215 218
253 3
291 314
129 139
336 337
334 252
44 34
120 328
215 75
181 343
110 359
208 283
243 130
215 56
162 164
111 123
52 331
0 166
309 164
185 110
333 286
209 272
119 269
33 34
146 259
111 345
275 93
167 155
171 220
191 273
218 145
275 202
80 146
62 6
317 347
63 299
284 4
341 85
14 165
52 24
184 144
38 31
240 328
294 117
223 17
51 160
89 21
251 328
236 156
38 110
113 175
4 42
351 253
99 108
250 0
344 69
273 63
327 132
240 54
316 251
355 327
13 181
341 280
344 244
273 200
296 119
37 128
202 65
60 103
278 170
61 282
245 45
301 267
122 280
212 154
141 162
287 328
37 273
97 238
46 33
36 95
224 215
334 284
338 163
304 287
178 312
268 186
55 194
257 143
172 286
120 23
83 141
233 280
106 22
324 225
1 130
348 255
59 116
352 250
82 47
300 122
10 336
328 115
291 329
129 102
183 303
149 107
357 200
233 58
267 208
34 189
125 124
215 254
54 56
148 181
6 191
334 216
210 282
319 140
31 280
34 44
125 237
0 100
91 37
347 95
219 104
149 333
43 326
6 78
232 141
158 149
72 342
111 159
313 76
43 215
243 271
247 303
124 26
52 303
218 83
143 144
167 46
242 109
190 149
32 275
213 348
270 269
218 194
237 166
312 3
5 32
66 14
191 309
109 108
241 60
155 332
216 334
344 259
15 232
350 249
351 64
80 269
27 310
85 116
142 229
109 142
240 195
188 355
118 228
217 213
37 66
169 90
353 277
227 300
140 333
142 263
71 359
273 180
131 18
188 65
23 0
250 262
16 338
141 117
2 285
353 247
279 235
282 61
50 49
73 144
3 253
168 188
23 230
188 167
173 181
177 178
178 333
16 112
287 189
59 178
206 263
248 249
304 315
103 133
68 300
220 103
116 48
153 42
206 182
45 12
173 87
281 29
230 8
339 275
83 169
286 270
1 238
115 248
97 325
187 199
205 326
262 279
138 257
267 111
305 304
286 153
21 84
186 21
105 67
215 130
125 0
290 55
220 308
148 73
263 264
176 178
357 125
105 236
252 133
125 241
162 125
54 183
208 227
232 233
91 190
54 294
309 107
336 71
280 287
190 294
191 75
232 120
266 286
289 215
56 198
20 353
76 185
242 145
294 320
318 74
265 94
85 325
15 46
199 317
147 94
5 4
29 158
123 111
160 211
288 24
161 270
289 305
237 27
274 39
113 21
271 193
294 34
223 216
260 86
133 224
217 23
38 39
331 43
41 321
62 169
193 14
47 223
303 65
216 217
142 193
240 239
169 37
236 123
112 41
75 191
292 293
166 330
316 163
136 265
249 128
178 188
107 238
306 73
71 331
297 282
226 144
140 192
325 204
61 322
301 339
231 22
340 271
287 256
272 103
291 197
102 257
231 103
235 352
1 296
2 3
244 210
281 72
7 278
172 343
103 169
159 107
197 164
183 113
21 150
186 215
210 49
103 318
324 57
97 353
206 61
101 297
263 78
120 190
286 245
215 305
324 72
290 232
234 202
182 58
129 174
239 191
291 257
148 254
333 134
6 244
125 36
110 328
257 258
24 51
78 234
149 276
82 281
300 352
232 182
252 169
343 194
219 80
20 39
115 355
208 207
261 347
39 90
332 160
190 194
119 296
356 46
52 231
53 74
110 21
39 43
351 341
191 252
160 128
86 2
345 132
53 251
184 6
241 107
223 175
189 267
133 179
299 343
303 263
89 143
240 301
80 326
86 236
184 356
113 130
260 217
264 156
32 168
303 101
251 284
142 221
145 143
237 289
4 198
359 274
160 332
17 85
37 26
259 16
27 28
88 30
269 119
329 212
93 275
112 164
259 161
245 72
283 295
50 102
287 343
163 349
292 63
188 248
192 251
49 294
255 176
1 308
150 151
82 185
339 346
31 112
22 349
210 21
46 343
304 82
324 29
162 336
129 25
96 212
152 166
333 217
125 87
129 138
239 211
77 212
336 338
30 218
158 47
285 263
128 78
256 51
81 34
228 215
138 59
158 190
214 262
347 227
20 59
276 173
243 306
356 115
180 257
91 230
309 163
312 249
57 58
219 301
191 131
32 264
158 344
147 41
76 193
9 8
194 20
213 296
33 146
52 106
270 161
342 132
143 93
184 34
161 325
356 288
247 25
322 240
160 27
321 159
342 247
161 310
274 111
184 145
41 264
132 81
136 20
264 41
89 20
145 218
113 174
189 241
27 218
249 350
142 185
236 44
274 273
293 51
41 42
4 186
278 329
353 264
222 107
227 307
264 263
165 120
47 4
84 136
269 10
108 118
179 180
329 359
112 113
131 57
60 241
4 329
98 60
83 336
193 272
74 53
330 155
259 157
248 256
46 183
301 266
107 71
287 331
236 353
37 272
292 83
23 221
46 38
339 24
231 94
69 143
268 36
36 88
168 336
64 257
335 204
83 31
339 137
183 8
348 73
206 347
82 157
324 226
187 186
281 177
159 176
72 234
73 311
328 116
333 253
44 112
300 10
263 150
319 318
267 211
286 205
159 321
253 38
290 16
347 33
55 272
243 240
7 141
158 11
125 236
347 94
185 175
58 167
148 37
186 336
300 296
10 2
157 209
176 358
342 343
289 89
181 219
309 22
167 88
63 27
191 86
87 129
345 290
294 293
114 33
80 81
171 170
9 219
81 296
123 213
124 138
143 0
271 127
184 79
133 122
38 169
204 129
137 200
265 259
156 60
109 252
143 294
169 191
332 349
298 349
27 265
216 254
251 343
217 171
145 198
199 15
259 330
297 3
8 202
175 102
131 132
118 20
355 354
28 260
227 303
71 358
278 196
26 357
212 72
302 206
74 41
93 347
97 152
188 49
353 246
107 35
325 120
329 125
311 181
225 60
279 347
267 307
103 55
306 279
272 139
92 260
315 47
234 53
55 33
183 108
187 105
116 49
44 310
79 175
24 314
115 251
206 38
135 30
263 101
176 85
49 217
267 110
0 291
1 30
334 138
266 170
30 131
233 21
106 301
267 255
347 13
220 309
314 190
6 152
337 119
0 65
219 119
78 318
280 241
299 63
87 52
161 178
346 126
42 343
266 287
323 322
252 100
158 257
218 52
332 12
6 341
190 182
119 244
29 236
104 179
274 149
76 9
5 3
227 143
85 309
18 142
274 36
136 93
270 8
19 264
75 80
113 229
189 200
62 174
86 304
14 13
184 312
293 122
8 230
320 136
355 305
47 79
175 122
160 289
51 8
198 169
145 51
94 110
203 325
151 253
84 192
88 3
141 7
198 56
95 320
23 39
278 224
316 19
192 97
282 239
65 277
325 203
255 14
2 254
97 164
353 18
207 171
212 211
287 259
141 233
163 305
306 168
164 94
93 208
292 107
59 352
277 281
26 27
83 102
235 355
36 144
220 213
2 0
248 22
305 113
220 68
276 342
224 15
116 21
206 147
45 111
102 96
49 116
301 133
234 184
21 6
96 201
44 169
7 55
49 197
305 339
215 304
219 181
239 190
348 343
115 68
78 120
281 282
290 88
347 105
24 52
299 138
262 18
319 199
105 207
161 237
253 351
91 108
110 312
181 226
39 196
295 94
209 153
63 194
191 25
247 353
0 220
43 30
152 263
190 195
191 110
342 14
90 95
111 327
332 48
9 19
318 103
356 190
308 57
271 183
274 249
132 239
136 234
190 61
63 305
318 246
160 240
270 117
19 183
113 48
332 278
298 130
65 181
303 247
51 326
14 126
86 237
236 186
18 5
184 357
166 149
169 247
132 13
351 155
8 51
283 107
212 307
84 262
326 335
56 287
169 0
118 45
193 154
178 206
269 229
17 84
145 31
217 268
202 216
329 330
94 74
293 239
38 290
316 64
61 131
27 31
154 359
193 267
178 161
179 200
93 274
169 290
353 205
226 181
279 189
83 292
301 293
122 258
164 227
311 332
59 287
97 192
224 350
335 122
212 247
287 231
144 127
36 37
330 326
22 112
116 331
151 340
154 168
173 252
211 57
174 175
103 127
177 249
130 209
187 32
153 112
281 43
335 152
282 276
301 88
174 286
96 102
349 332
277 31
150 263
301 233
305 238
21 26
243 102
10 269
101 332
49 225
34 151
215 212
148 147
78 84
244 324
266 98
125 199
34 6
276 63
24 16
149 311
205 111
324 323
72 316
312 267
208 172
243 309
138 139
208 59
261 207
9 190
63 119
265 4
284 352
322 47
33 32
158 345
53 173
146 257
260 265
9 15
247 107
29 212
322 94
270 166
143 92
199 260
75 314
136 134
355 26
137 211
356 289
303 282
41 271
354 222
27 300
66 202
288 176
17 278
108 337
307 204
56 332
308 307
146 178
331 242
4 20
297 38
351 255
99 110
320 321
84 282
122 213
175 77
131 171
278 334
61 54
155 49
245 186
107 169
325 242
306 14
141 79
197 295
60 97
23 111
350 351
64 100
141 160
107 70
349 29
22 173
278 27
338 270
174 88
339 27
69 142
88 281
220 238
277 337
22 28
154 140
103 99
163 86
291 109
220 157
1 279
311 118
59 25
349 319
277 194
44 339
343 321
163 39
182 193
239 272
183 184
59 118
352 252
116 77
334 60
304 127
49 188
324 114
343 310
328 117
291 331
163 180
77 358
115 143
333 252
244 297
172 62
281 289
48 116
68 127
55 275
183 350
276 108
244 344
215 105
181 169
149 331
243 352
205 19
229 157
347 206
115 346
63 26
52 297
109 328
308 211
110 99
111 270
76 151
190 155
119 275
321 344
356 231
56 155
19 17
238 135
237 164
332 120
99 351
119 128
342 161
180 4
15 69
189 306
228 264
160 56
14 135
90 297
222 298
118 331
32 98
51 190
213 45
326 260
199 14
146 150
95 73
189 20
118 250
264 341
193 209
216 110
288 331
71 208
202 129
293 214
296 198
226 27
64 162
227 302
155 29
198 221
108 91
130 341
94 2
64 209
16 340
107 149
127 94
40 90
278 180
353 245
230 349
231 236
127 47
130 119
3 255
116 284
353 102
98 291
248 140
211 0
174 116
177 176
358 241
50 190
36 125
93 124
153 191
102 234
301 15
125 331
235 279
220 97
352 41
150 348
135 136
234 69
72 184
348 221
21 225
25 230
48 129
176 86
138 271
77 266
334 139
101 132
319 349
358 317
125 30
128 152
276 0
81 216
138 97
157 259
91 3
54 181
239 123
101 102
253 299
111 189
152 300
280 353
63 62
124 56
252 101
237 247
128 341
312 178
20 355
170 176
100 49
119 247
191 218
356 155
156 355
270 239
199 319
308 38
57 226
8 314
137 154
104 195
86 87
113 11
351 17
264 19
66 131
85 165
32 31
29 269
38 37
203 102
227 108
62 175
85 22
145 161
326 352
213 178
60 203
64 142
227 330
307 290
326 2
112 186
202 52
349 163
23 38
26 326
207 261
236 283
93 190
169 342
23 151
226 257
338 327
47 285
88 290
141 232
325 91
163 304
168 154
22 85
69 70
35 202
235 354
2 1
221 139
168 297
130 202
59 208
230 91
233 325
257 245
276 343
59 65
224 0
183 115
258 294
82 98
300 173
339 305
72 212
129 51
257 102
352 164
206 3
262 241
172 119
263 72
310 237
58 122
186 55
153 294
10 249
357 14
105 61
158 49
200 199
110 334
257 256
149 274
82 279
10 72
105 206
323 3
34 82
200 342
128 19
347 153
111 96
299 26
9 304
66 291
356 89
67 6
289 0
218 102
347 310
336 37
9 129
191 105
265 239
284 285
158 354
132 345
223 280
119 219
156 327
32 349
251 67
76 46
241 105
189 265
354 328
85 200
218 299
18 243
294 76
114 328
298 131
89 62
199 65
18 2
109 195
203 2
166 138
350 183
271 340
260 219
354 170
317 22
170 345
249 320
122 190
303 103
293 29
131 334
297 90
88 113
217 275
127 304
353 339
26 299
64 234
316 65
175 142
178 94
197 322
307 318
112 166
221 348
278 141
83 295
46 153
122 259
69 280
164 236
22 134
192 253
211 75
49 292
231 52
235 177
126 346
164 115
2 114
130 63
26 124
177 248
358 185
31 237
16 186
196 300
310 316
150 149
173 12
163 10
55 104
58 316
349 331
262 322
211 278
286 324
324 31
290 155
328 90
182 149
254 216
148 301
91 316
149 84
44 142
334 80
233 67
68 4
253 0
1 69
115 35
314 132
280 12
101 220
229 23
324 317
219 1
185 145
111 23
24 17
333 57
149 310
215 53
72 317
162 163
24 128
357 260
158 207
90 129
219 303
57 56
111 245
39 120
336 1
63 118
265 11
119 270
32 266
332 85
351 331
99 290
137 65
123 184
251 111
271 138
241 21
39 350
133 149
136 135
63 340
29 324
303 293
160 29
113 211
294 104
223 18
8 65
298 359
155 274
355 106
85 93
322 353
199 37
296 348
62 359
142 191
198 359
237 259
41 40
355 328
264 265
341 293
164 290
203 268
306 15
325 241
2 308
168 52
60 98
169 285
248 258
254 312
145 292
40 14
311 339
23 223
316 331
73 74
2 86
292 172
206 302
117 145
335 206
338 158
304 274
291 108
220 158
348 75
1 278
206 345
44 332
7 344
281 6
102 94
139 160
301 187
272 335
182 198
257 61
348 250
24 288
187 188
301 204
12 257
103 320
163 183
129 123
183 296
24 335
78 6
152 132
48 117
34 184
220 339
348 280
243 242
6 178
153 286
43 298
105 245
31 261
200 287
0 103
239 102
276 220
295 144
134 22
228 245
138 221
342 341
90 242
256 128
39 143
332 155
313 81
48 290
289 200
308 220
312 151
111 265
351 286
171 172
146 354
53 305
260 125
227 226
63 328
109 250
94 342
350 252
189 162
320 319
28 96
264 199
51 129
269 330
18 74
350 143
217 218
145 85
169 95
95 217
264 293
28 262
355 356
340 16
84 174
17 19
273 169
293 166
26 355
302 204
108 235
164 213
37 161
93 345
311 262
64 65
211 146
174 10
302 63
287 297
126 259
224 263
278 36
211 3
174 117
340 357
272 141
311 36
79 56
173 195
192 340
234 51
324 177
201 138
221 215
79 169
120 54
339 276
115 253
352 153
120 165
229 333
196 26
309 293
92 219
239 164
186 16
11 103
195 194
286 47
309 342
256 78
96 269
209 34
82 304
101 20
158 101
252 128
323 38
148 59
63 168
333 338
190 293
29 121
323 324
219 279
347 346
111 301
313 222
132 358
190 180
29 234
87 276
270 236
143 102
238 160
275 150
85 307
29 155
161 259
165 331
203 136
41 309
80 349
137 234
66 128
104 339
32 16
156 2
17 332
38 90
350 216
132 43
5 291
298 319
62 172
227 111
170 354
86 310
198 284
71 38
236 231
320 138
175 4
213 177
50 287
108 41
112 44
240 113
131 226
117 277
335 322
27 53
193 301
16 290
269 80
71 324
130 310
222 176
23 33
61 238
297 287
141 150
74 75
37 325
188 215
173 261
282 28
339 101
141 231
292 149
130 88
3 218
22 106
153 233
26 25
207 90
192 257
248 169
359 175
129 272
221 138
311 8
153 154
82 208
282 318
339 323
177 44
31 153
163 17
55 7
79 141
46 318
162 331
328 63
182 142
263 75
358 335
72 36
0 257
58 123
21 117
153 293
281 280
30 253
105 60
124 264
195 190
343 110
346 318
110 335
129 220
24 54
115 356
6 21
228 141
247 355
157 151
176 288
105 350
218 103
256 328
20 145
242 33
191 104
265 238
124 93
109 271
146 283
128 306
20 256
336 181
171 244
356 184
123 159
18 353
56 84
238 188
318 244
199 179
203 180
204 203
354 312
14 124
18 3
327 15
165 240
166 139
331 200
332 359
85 41
344 109
145 140
327 156
75 207
131 177
4 193
329 328
293 237
279 78
306 104
127 128
258 199
23 69
353 195
245 85
84 85
144 226
272 55
70 96
164 237
326 254
311 334
353 60
117 11
212 241
231 55
306 330
201 96
292 137
116 341
117 188
174 173
12 56
139 310
70 258
183 33
3 327
277 172
281 41
328 204
201 322
55 107
92 125
225 324
79 353
305 236
200 6
21 24
314 18
243 104
206 28
205 267
304 36
230 166
215 214
220 328
152 216
171 276
244 326
120 332
232 262
106 355
34 4
346 274
238 284
20 87
185 144
275 274
208 287
63 147
30 104
87 9
111 135
138 137
91 251
110 69
114 56
242 69
332 199
351 293
322 45
30 266
213 324
143 41
308 104
18 306
294 143
351 330
99 293
155 356
146 33
184 148
331 103
41 269
99 3
264 44
28 29
66 200
85 92
14 88
203 33
118 156
65 0
62 356
175 79
344 73
288 289
146 195
41 47
131 173
353 269
278 332
8 160
227 308
179 185
296 123
41 184
279 82
335 314
28 338
175 173
197 293
37 140
350 349
23 105
169 284
282 37
140 139
74 131
258 90
225 21
23 222
279 304
282 84
211 102
174 94
272 162
55 169
2 87
129 303
277 351
315 4
316 315
359 247
107 358
183 5
305 191
220 14
24 289
352 254
116 79
225 352
210 244
196 39
215 261
310 59
333 250
337 255
263 147
267 212
181 262
347 34
310 170
239 240
82 333
45 343
176 138
196 197
31 260
219 108
239 97
63 183
228 246
300 299
0 23
241 325
204 335
78 336
208 138
9 335
63 4
357 295
218 95
346 8
241 214
171 175
81 301
191 160
123 214
52 218
80 227
133 103
119 130
191 305
214 114
56 12
19 128
237 51
223 224
351 63
189 304
242 331
63 331
66 189
180 181
109 249
38 63
331 3
355 137
194 281
216 193
143 336
27 187
216 112
341 343
240 86
169 94
117 304
279 1
136 273
227 336
14 342
17 18
142 267
93 295
130 339
192 24
17 163
236 305
164 214
207 208
211 149
302 60
175 310
141 194
73 148
74 167
130 117
224 280
330 269
349 127
278 37
225 49
154 127
192 294
338 240
69 96
268 203
73 101
92 263
64 352
248 253
125 329
159 115
272 285
40 265
153 46
120 55
173 83
83 173
174 340
68 191
73 327
186 174
276 300
45 153
49 222
233 137
0 294
54 105
183 271
186 17
45 298
286 44
290 51
54 24
346 347
96 270
295 294
280 69
134 96
262 53
110 291
256 254
9 282
101 100
135 334
87 49
309 119
76 294
313 108
332 184
171 122
194 185
285 238
87 166
56 202
241 242
294 324
313 221
318 78
191 196
218 162
308 32
57 224
5 0
9 69
156 236
123 99
86 85
199 206
19 156
184 221
132 133
264 21
137 233
265 316
119 23
213 94
18 28
109 221
184 332
354 132
27 278
264 228
89 81
307 6
145 167
75 34
166 255
98 129
151 137
8 233
188 259
28 244
47 72
175 7
32 255
213 176
302 271
50 284
94 109
41 103
293 200
203 326
118 119
84 195
340 53
14 306
344 176
95 333
23 32
259 73
64 63
278 231
127 124
236 277
22 248
188 208
268 24
144 22
2 108
221 24
224 292
338 212
102 261
139 269
173 149
231 99
69 68
93 94
352 88
7 274
121 269
139 154
358 98
31 152
291 39
187 118
82 96
45 108
135 238
263 53
49 105
300 175
102 103
46 319
72 214
126 105
328 32
129 49
210 188
219 182
239 187
21 116
115 73
266 77
105 35
11 130
176 195
200 201
220 276
276 38
77 189
78 238
152 108
157 229
72 259
0 32
181 239
147 307
276 149
24 166
48 284
208 82
100 64
228 29
66 336
214 216
323 291
309 252
223 282
351 337
5 211
6 308
321 262
15 14
180 79
143 69
190 32
63 306
321 183
86 113
15 191
180 254
274 7
114 326
260 54
118 262
284 172
145 242
109 193
38 71
166 136
350 181
65 59
95 131
355 302
193 159
320 151
216 40
145 28
112 73
64 236
335 289
28 335
340 73
127 131
112 216
130 283
3 27
131 110
188 5
151 115
47 322
70 97
73 195
163 321
74 108
164 238
23 181
26 203
154 4
69 151
141 266
16 45
92 344
221 124
59 129
116 342
174 178
16 188
59 254
135 189
83 244
121 297
173 10
230 69
12 136
197 132
102 3
304 86
159 216
262 356
163 157
257 64
116 155
253 30
348 310
149 195
333 166
334 193
128 66
238 285
30 105
252 201
162 161
181 195
43 238
242 66
260 357
336 3
265 9
284 355
158 348
76 253
99 292
308 24
143 89
53 219
199 257
114 283
42 76
136 137
155 359
156 212
303 295
89 239
307 160
217 34
142 99
53 332
90 336
166 37
204 232
27 289
155 276
213 22
142 18
38 99
296 350
27 222
28 141
193 202
212 338
251 316
198 357
273 50
240 43
75 234
166 263
151 177
189 126
131 61
316 103
245 135
154 326
302 182
175 172
307 284
326 72
255 114
330 135
131 74
41 200
26 188
207 255
121 122
122 293
50 6
73 255
127 52
23 217
316 325
230 263
358 200
73 72
2 84
130 1
59 173
221 64
154 139
248 226
102 205
359 246
291 110
349 316
244 22
174 313
68 324
253 192
325 307
272 321
44 221
135 54
138 278
211 308
101 284
34 327
72 238
343 307
328 120
7 120
10 300
105 106
177 341
54 61
220 301
243 244
336 306
6 176
195 121
124 305
181 182
185 179
43 189
6 67
209 85
110 247
256 130
111 154
76 259
204 328
336 80
190 271
157 94
128 332
238 27
111 267
9 223
190 158
191 163
123 233
342 53
237 161
19 18
327 291
146 352
191 304
104 234
123 70
33 178
289 296
114 319
132 162
242 328
227 228
63 330
284 101
251 250
341 116
199 122
331 2
122 133
47 198
322 323
288 223
237 340
184 288
94 231
350 141
28 145
340 163
341 342
344 38
217 216
4 154
122 103
302 355
13 212
141 31
198 208
202 31
130 336
222 218
296 88
88 218
202 110
37 175
93 343
22 221
352 351
117 81
211 148
49 273
230 336
121 22
212 187
306 128
235 234
254 346
126 257
164 38
221 51
211 5
49 354
230 291
140 63
328 295
36 120
64 353
358 71
16 132
201 136
221 213
153 45
337 312
300 196
324 194
234 64
254 135
1 225
22 281
277 84
135 26
229 331
72 10
0 295
129 69
186 30
152 226
116 211
334 142
195 196
267 243
30 135
358 304
290 48
219 218
128 155
105 215
33 274
158 107
256 255
134 240
10 34
161 182
15 279
289 121
253 296
110 147
228 122
356 55
265 240
323 326
57 118
347 348
313 220
137 14
32 308
123 245
33 237
87 278
327 263
238 166
185 282
133 90
317 301
160 232
341 167
52 46
15 90
199 201
218 338
39 352
42 4
260 83
118 315
228 303
156 28
265 291
15 203
94 304
169 159
212 283
307 9
350 105
23 349
297 99
189 53
151 136
355 309
316 201
47 75
302 268
94 82
222 39
226 58
47 56
122 123
178 185
329 291
2 331
3 62
4 269
259 72
301 317
302 238
50 127
13 73
306 213
108 201
307 340
74 73
326 144
97 184
169 347
278 87
23 144
47 286
140 76
144 23
163 309
221 23
311 149
211 33
69 67
310 343
202 356
153 152
64 333
248 26
174 262
68 269
206 151
337 292
106 107
234 164
325 267
129 48
21 2
101 340
267 142
128 200
263 218
285 318
33 333
124 266
215 189
343 104
290 84
57 327
55 340
295 197
261 309
337 87
34 81
243 349
209 157
138 147
157 149
285 64
347 267
294 278
332 221
261 215
157 6
30 300
90 91
128 308
76 218
39 38
332 44
80 29
6 309
32 336
86 7
123 145
214 72
15 9
53 198
308 5
270 206
136 238
66 115
303 258
251 53
344 337
86 118
341 187
331 125
355 115
193 124
247 161
65 137
160 99
14 66
131 290
166 137
317 19
84 258
32 173
216 186
269 144
142 166
326 323
56 291
94 191
8 134
175 26
221 296
131 192
155 198
193 271
212 29
178 93
307 259
74 26
131 81
64 28
211 223
70 102
164 239
258 116
278 115
26 200
211 76
46 15
340 296
287 227
3 312
224 193
248 199
31 238
201 247
3 329
135 188
139 185
339 353
234 9
197 131
35 120
254 76
107 269
349 328
22 342
116 117
262 321
233 183
286 331
215 355
12 280
21 38
115 183
78 41
333 212
101 328
319 257
304 38
286 218
215 208
92 157
58 29
276 84
280 15
319 150
105 30
158 16
238 290
275 276
63 157
318 346
195 45
342 332
34 117
162 190
110 216
20 192
111 129
208 160
43 225
87 248
90 140
290 346
128 353
347 279
111 246
312 254
280 348
100 101
191 142
104 96
32 269
143 43
327 318
238 239
76 254
313 276
167 145
247 103
321 225
160 161
218 155
237 77
56 114
38 134
76 77
294 28
42 77
170 6
189 298
155 358
137 215
104 286
217 33
109 19
274 104
321 3
66 198
32 90
51 166
240 221
27 209
320 325
273 49
331 327
169 96
278 322
60 287
118 13
84 149
175 62
13 175
164 301
278 317
61 163
155 162
249 67
306 10
144 177
198 4
127 166
325 254
307 287
330 132
197 291
131 77
64 120
279 221
47 353
306 157
326 216
329 68
37 283
97 224
225 43
278 31
26 44
279 306
267 266
231 85
268 33
70 221
93 20
277 349
117 158
173 220
221 240
40 303
187 64
12 173
31 83
106 16
276 266
206 207
82 41
233 147
286 167
253 176
200 36
96 245
206 126
25 191
262 188
159 332
200 179
54 50
238 335
100 340
176 140
266 2
232 356
106 325
256 20
185 178
238 318
205 15
78 295
295 141
137 311
300 293
158 159
252 238
15 306
54 348
171 16
124 16
252 93
214 150
219 268
110 103
241 212
128 333
261 47
143 15
237 160
19 21
332 116
136 215
190 110
341 130
199 228
240 283
113 99
294 56
136 166
318 178
247 248
29 293
123 54
90 309
19 243
4 101
95 36
169 162
351 78
303 171
14 58
217 174
236 254
307 44
145 185
240 249
293 65
99 142
84 314
340 172
95 218
98 106
249 238
84 169
178 146
269 41
17 16
326 26
273 174
217 328
94 6
188 95
151 69
335 280
65 268
302 211
69 332
197 263
325 210
236 307
74 82
164 208
326 181
258 141
23 143
207 210
64 68
174 9
47 261
231 232
35 325
73 154
37 319
2 134
188 189
207 67
279 342
173 175
69 110
328 296
92 257
55 143
310 328
59 200
206 265
102 238
304 305
305 72
197 202
35 163
163 118
36 200
70 328
40 267
44 307
338 16
103 272
68 185
125 312
182 161
36 351
21 237
116 173
67 355
54 111
183 265
149 137
281 257
120 279
162 4
346 345
310 180
6 157
172 173
263 262
319 174
105 214
195 84
54 137
256 240
20 9
185 206
280 246
137 339
300 265
229 189
323 184
238 69
242 56
209 193
30 305
271 41
347 351
241 240
332 9
223 288
336 204
209 338
265 64
56 187
274 142
327 262
199 200
237 21
184 223
38 206
274 33
260 92
80 336
85 161
284 74
269 282
15 202
143 257
308 320
203 26
350 223
28 71
193 0
283 130
216 223
307 8
131 342
331 190
95 169
316 202
155 76
283 51
50 282
340 192
160 294
127 280
292 291
274 338
166 332
296 166
297 243
61 122
64 130
118 117
155 253
278 266
227 334
340 55
88 8
231 302
164 357
60 182
353 164
26 322
302 239
175 359
178 9
231 191
70 123
307 343
127 126
97 191
169 346
188 210
353 21
301 333
141 228
93 43
311 148
221 22
316 270
335 18
93 92
168 301
187 27
150 141
281 82
245 257
83 218
301 111
96 95
276 339
22 331
44 279
82 94
120 85
102 101
230 46
106 104
215 350
324 39
162 326
277 119
352 184
101 339
72 39
91 325
200 124
182 60
149 173
333 128
6 238
196 136
215 188
347 108
129 209
256 45
58 233
149 286
261 308
10 116
176 340
162 155
253 346
186 277
276 151
43 132
134 221
191 4
90 169
53 35
54 260
238 97
312 227
295 42
208 84
115 278
190 196
356 212
67 155
33 31
342 3
90 88
323 293
237 215
146 278
294 358
223 260
336 168
137 41
308 6
113 90
76 42
294 241
354 324
318 251
66 112
303 269
89 145
38 234
331 124
204 198
132 123
114 324
193 115
213 112
322 281
14 67
142 52
32 63
203 6
166 142
4 61
42 136
260 199
249 324
296 243
169 11
166 281
316 238
151 175
117 325
122 45
175 37
341 269
202 197
130 358
250 201
16 257
2 300
130 281
221 344
259 167
169 293
353 192
254 256
326 253
112 297
3 170
258 117
278 112
207 138
154 2
23 183
102 340
226 289
279 297
61 352
291 231
93 15
2 78
338 182
103 122
359 204
13 334
352 102
282 273
68 354
125 271
234 118
324 244
183 83
186 245
253 171
91 304
310 82
348 129
314 17
333 211
206 99
357 221
177 303
295 283
115 39
101 216
181 336
54 198
219 5
21 263
24 21
149 306
135 259
105 174
276 171
243 312
110 72
256 343
80 107
280 349
134 328
356 200
33 59
342 47
308 107
271 97
219 336
312 110
80 250
261 91
190 115
66 37
191 286
213 306
86 32
308 26
39 346
344 302
217 32
203 85
332 311
260 20
155 278
85 89
303 150
216 232
86 258
108 334
199 33
94 265
113 160
354 74
47 157
251 318
145 109
240 45
113 305
169 103
28 318
302 325
89 312
269 4
164 302
38 323
131 63
296 126
226 227
192 63
175 174
340 111
144 178
74 63
202 72
2 304
353 236
192 174
121 120
282 32
84 116
250 348
306 154
254 316
37 282
330 276
173 330
88 286
325 31
144 80
92 318
206 306
316 310
154 137
335 202
359 240
69 26
315 118
172 277
45 33
83 146
102 82
174 319
159 41
162 287
343 348
254 105
97 306
82 38
215 262
24 339
115 146
45 195
105 104
215 247
128 177
54 51
310 169
183 341
82 328
101 252
263 285
286 70
181 180
20 118
24 113
110 245
9 332
48 294
157 92
214 151
90 97
53 27
312 155
76 140
43 93
152 324
208 28
190 156
194 195
33 199
56 160
19 20
238 136
132 285
341 129
342 186
15 64
56 15
264 124
65 199
86 191
251 252
108 291
113 243
95 39
132 51
350 224
189 190
322 321
198 308
145 184
109 135
146 147
165 181
331 149
5 348
320 162
51 50
341 340
142 159
236 14
145 73
112 4
316 150
27 45
136 276
28 258
193 325
140 324
359 336
112 147
226 135
155 129
50 89
93 341
188 207
192 138
231 235
235 236
127 42
279 337
173 174
338 239
197 56
126 150
272 129
93 119
202 334
59 203
130 227
206 270
168 306
245 300
102 239
234 63
324 189
206 185
174 347
267 23
234 78
343 352
163 198
201 287
115 193
22 287
116 174
337 335
138 264
11 10
196 6
115 110
149 136
319 344
267 245
286 19
200 208
219 220
257 319
149 249
81 211
33 272
252 156
34 75
39 222
78 256
9 287
300 266
135 331
90 210
147 137
241 358
333 334
134 129
356 49
33 114
161 37
214 179
308 188
270 321
256 287
241 247
132 354
190 184
104 185
85 334
195 258
312 38
147 103
238 164
100 141
299 352
191 342
342 198
15 164
345 34
38 207
167 297
355 89
104 343
322 306
269 281
350 220
169 157
259 287
320 287
28 64
85 17
237 310
131 345
354 114
198 163
37 111
94 80
166 333
131 230
38 312
64 131
335 334
279 38
317 239
122 121
136 304
28 358
202 49
3 32
222 180
4 271
60 183
316 41
297 259
95 334
69 303
178 6
273 282
353 20
301 332
329 3
202 275
93 42
292 145
315 208
153 237
207 38
177 215
359 171
292 224
221 134
202 354
352 91
154 193
224 5
281 194
304 173
106 105
35 47
126 108
144 326
22 315
206 4
357 184
68 45
34 141
253 119
215 206
309 261
310 230
348 301
21 113
172 3
48 49
196 137
162 41
295 199
135 286
256 221
208 198
319 82
232 204
289 27
309 72
238 102
39 83
356 213
284 282
124 89
90 89
99 269
261 102
137 40
318 105
322 116
124 200
293 341
204 112
293 294
114 325
132 100
136 127
62 253
283 240
265 349
322 278
217 116
143 356
38 122
62 332
194 348
51 253
255 357
331 349
95 140
131 181
246 104
28 219
250 103
269 31
142 343
236 86
17 78
71 151
330 31
4 348
278 279
26 308
118 86
65 346
302 153
231 333
107 195
179 206
108 152
17 223
255 91
37 148
40 136
258 195
60 91
212 142
107 80
144 230
145 307
273 262
349 51
22 155
3 173
23 182
207 149
97 218
173 357
211 78
282 124
188 247
230 286
16 32
36 35
291 230
221 121
334 264
151 338
64 316
192 353
69 37
291 119
224 178
3 331
281 45
282 286
248 56
174 288
286 318
328 240
55 103
97 277
225 344
150 281
262 327
31 14
72 245
183 195
148 298
243 108
116 230
44 139
262 214
334 85
176 19
181 302
291 290
1 88
6 203
280 17
44 26
157 341
286 107
181 351
77 94
228 222
300 323
157 198
161 131
20 194
134 190
318 299
265 189
67 233
105 318
33 73
124 14
109 350
91 255
290 344
143 132
208 49
336 6
356 201
33 58
124 125
18 302
238 237
111 353
132 314
99 297
119 186
194 111
123 191
345 233
199 258
184 41
137 213
247 22
341 93
271 262
19 217
38 23
166 88
165 271
227 90
118 353
18 99
199 32
19 326
118 144
65 4
264 191
216 152
269 178
198 344
145 108
127 322
350 39
227 312
175 56
340 249
108 109
4 304
192 48
302 181
141 73
70 49
349 230
117 122
122 288
140 135
231 198
107 60
70 64
325 141
326 222
73 252
287 304
221 44
258 86
22 167
349 23
150 104
207 105
154 103
315 171
230 314
103 8
140 22
267 268
70 211
130 28
221 93
64 280
83 36
245 343
304 279
68 304
129 348
130 143
221 206
206 162
300 227
102 83
304 230
177 104
286 282
92 93
182 219
183 182
21 215
97 305
116 75
206 205
281 186
102 34
304 117
230 247
324 120
58 76
78 11
25 189
210 131
30 174
233 34
159 334
347 38
183 340
43 289
45 339
33 267
215 103
324 286
110 267
238 316
111 54
276 217
208 255
78 293
10 13
158 157
214 293
332 144
24 225
280 267
336 83
158 300
346 20
152 325
6 352
191 172
213 356
342 72
345 340
270 277
313 310
341 128
33 183
180 2
56 16
265 260
14 137
18 52
165 291
94 347
169 160
118 333
264 204
320 308
194 277
51 132
198 309
236 248
95 183
60 334
175 111
340 174
179 104
273 19
75 139
222 78
331 357
151 214
84 171
178 144
141 28
293 161
297 294
151 71
316 6
23 24
65 258
155 128
175 333
13 34
127 68
255 19
40 64
330 166
64 70
122 324
212 198
325 97
329 102
130 113
277 270
26 14
230 294
55 137
202 335
292 205
102 236
68 276
287 74
70 334
254 59
36 202
272 273
224 122
244 117
79 180
135 134
211 356
103 274
159 12
325 276
239 306
281 150
262 271
49 210
233 141
103 355
200 66
290 220
129 90
310 27
115 113
116 222
34 217
310 138
149 248
243 213
172 175
319 168
176 170
195 86
276 253
205 49
77 102
6 34
228 150
135 330
138 250
15 272
253 293
242 54
295 0
63 36
157 63
56 206
110 1
312 184
39 63
5 251
191 192
85 333
345 176
294 203
167 347
318 221
341 164
161 262
270 96
351 31
318 172
265 288
85 175
32 21
19 273
132 16
351 172
99 95
355 169
122 164
284 251
213 203
51 224
89 85
216 161
327 183
75 38
293 99
303 62
226 57
118 75
28 359
193 288
84 207
16 295
273 136
2 326
349 189
259 77
353 186
207 259
212 107
140 248
198 66
224 329
211 181
339 104
121 55
231 14
69 191
88 296
325 69
291 205
221 20
244 171
207 33
154 95
335 28
174 154
1 288
201 216
292 225
173 34
358 102
328 213
21 158
186 223
301 254
339 311
31 21
343 263
348 191
205 354
277 117
101 337
120 198
210 184
253 118
291 265
129 166
186 49
171 303
153 296
6 236
266 73
33 322
158 59
159 262
290 83
57 324
152 112
134 64
135 281
30 113
195 50
215 47
72 263
324 342
111 110
186 275
191 6
356 71
232 205
308 226
0 211
312 229
242 90
284 283
157 3
30 275
90 38
20 269
242 173
132 327
9 20
137 47
299 318
104 150
156 349
86 26
160 152
289 356
53 195
113 88
293 340
294 247
227 208
190 36
137 184
303 271
179 277
14 214
199 174
146 54
113 41
132 101
65 142
216 270
14 65
288 171
108 356
308 294
75 117
4 63
169 248
189 229
99 123
47 251
344 114
56 294
296 245
4 206
99 200
227 287
47 104
302 303
178 201
344 225
127 318
202 195
94 77
131 197
293 232
296 132
26 309
151 30
27 20
38 293
28 331
16 259
71 295
40 137
221 342
26 164
245 80
122 269
69 258
74 104
164 234
2 221
3 172
25 356
278 118
173 356
192 243
211 81
121 211
144 118
116 338
79 78
316 300
178 269
328 354
73 33
183 60
348 125
40 310
352 120
315 108
225 238
45 59
282 287
301 81
174 289
177 67
339 354
96 125
258 260
263 21
304 74
31 9
159 196
343 299
73 259
205 262
262 215
300 30
319 258
195 240
233 69
215 237
72 69
159 341
129 130
276 87
149 207
6 200
286 104
346 287
181 350
111 29
185 155
24 23
208 276
100 258
300 316
138 35
161 130
342 323
162 189
252 197
115 327
299 124
318 296
247 322
308 198
290 345
181 112
356 202
123 193
30 271
124 126
90 58
143 52
237 185
110 57
147 49
309 220
132 315
242 209
85 261
160 164
86 38
204 149
298 222
62 15
63 338
137 212
321 151
108 313
180 222
274 103
166 89
189 152
251 323
269 288
240 208
38 103
166 168
169 212
23 273
50 337
37 85
240 47
222 83
4 162
27 67
359 302
269 2
37 38
131 33
259 116
98 52
226 225
245 131
151 34
155 167
246 228
65 293
17 186
127 163
330 131
311 312
296 15
23 100
212 163
47 354
69 230
141 217
287 307
145 286
255 207
349 22
22 164
174 99
103 11
177 141
168 344
22 23
83 39
139 329
305 33
291 18
129 339
183 0
150 331
248 85
139 166
106 31
234 104
55 74
96 25
276 277
352 243
116 84
300 115
229 339
234 251
253 77
91 286
200 39
300 2
263 142
11 113
45 193
195 236
357 255
253 62
200 182
72 97
220 297
310 175
280 110
357 64
343 45
0 125
91 60
148 45
21 281
208 240
134 8
138 199
157 169
309 30
209 218
191 94
29 111
157 90
247 294
218 88
147 220
238 31
208 30
336 227
171 162
156 278
194 193
90 30
327 287
237 157
223 350
8 261
29 177
270 133
240 286
132 174
260 123
203 115
189 188
320 309
85 123
213 54
217 179
146 145
293 78
296 318
169 48
350 113
118 253
155 101
27 190
51 52
331 356
226 18
245 246
118 108
155 18
302 359
175 223
340 30
88 47
89 282
198 212
217 333
329 267
130 300
41 159
353 157
64 40
282 147
249 92
169 355
353 14
192 140
107 27
201 82
97 1
83 82
173 172
69 107
22 51
150 228
64 357
31 163
257 226
59 58
206 191
12 332
72 191
35 53
239 317
257 19
45 148
48 184
176 77
230 144
11 12
196 0
138 310
77 259
149 150
334 146
262 159
48 23
129 202
310 139
77 148
172 168
263 259
252 158
161 217
200 289
91 24
347 178
275 337
185 211
147 282
137 336
138 251
90 208
343 166
346 70
238 72
295 3
43 42
333 332
134 135
63 39
247 266
237 240
114 125
5 250
298 116
137 50
29 228
32 328
85 332
52 187
15 49
190 9
191 336
104 202
321 174
322 129
252 322
293 256
260 95
284 69
303 219
4 68
132 17
5 301
95 5
27 237
303 72
142 206
71 28
131 347
4 235
166 240
169 44
296 282
354 112
350 109
193 182
283 52
317 124
216 81
94 86
41 106
131 232
278 265
297 240
164 352
93 262
259 76
278 248
297 257
245 123
207 258
4 265
307 344
329 176
169 351
279 262
335 110
306 160
221 19
168 129
330 298
316 265
338 209
177 213
196 311
306 307
126 176
328 327
272 239
55 236
93 89
220 173
334 349
159 82
163 23
291 42
328 214
1 336
96 82
97 271
25 90
82 93
183 249
205 353
315 289
262 232
45 248
68 47
125 74
253 117
92 181
148 135
21 127
266 118
105 38
31 330
162 39
257 281
77 184
337 75
195 53
125 172
343 213
313 34
81 78
180 310
218 97
308 227
54 283
295 39
119 291
157 2
90 39
191 231
29 200
33 141
87 310
308 1
218 131
19 78
136 146
9 100
85 209
104 294
160 8
109 43
19 191
293 292
38 233
260 51
284 169
213 125
308 295
75 116
203 59
298 285
8 59
251 279
326 327
273 73
146 217
240 4
293 6
222 116
94 163
331 351
151 168
99 203
13 135
269 29
217 276
89 289
164 309
278 277
155 218
175 151
107 197
89 338
307 263
326 97
192 69
84 83
311 324
168 238
187 346
97 216
188 241
117 21
211 80
16 34
325 56
70 245
164 122
130 54
59 132
25 276
154 176
64 318
102 218
358 176
328 355
1 259
310 311
183 63
59 245
187 56
44 359
173 5
282 284
139 189
339 357
328 242
120 116
34 316
1 45
314 28
176 21
215 236
181 300
291 292
92 153
78 92
81 136
334 202
285 286
343 8
181 349
346 284
20 93
208 277
10 23
263 331
0 1
76 276
208 164
280 305
63 238
265 163
191 37
242 127
9 166
119 263
191 138
124 127
143 55
128 276
20 290
241 189
132 292
9 55
247 99
104 243
237 73
38 186
39 343
228 284
29 349
284 30
322 201
85 245
217 37
184 154
38 21
240 322
227 92
28 27
251 322
307 212
17 270
109 160
19 328
94 268
65 26
84 290
47 158
175 85
213 130
269 176
145 98
117 294
99 231
316 141
320 200
122 76
13 171
51 72
359 297
41 162
222 227
335 256
320 103
175 171
88 195
16 352
141 71
198 120
164 184
202 119
283 282
175 280
235 5
254 291
164 15
258 84
22 165
26 40
282 94
46 47
140 16
73 115
220 230
221 91
224 225
97 85
22 20
335 215
177 29
163 94
182 302
183 3
225 265
82 146
339 257
286 280
182 217
149 0
116 85
135 45
138 275
101 263
305 258
324 122
253 76
254 255
183 289
21 70
24 342
115 151
116 196
125 114
183 342
280 111
82 327
101 249
263 286
105 254
196 195
215 97
54 161
347 169
110 265
63 189
10 11
323 192
204 325
265 223
284 301
356 24
33 107
91 221
309 142
76 143
260 326
208 31
265 40
191 174
123 236
156 279
87 265
289 178
53 137
345 346
294 173
132 280
332 112
62 89
66 4
52 87
242 325
351 37
298 179
247 244
265 266
29 289
217 1
180 179
142 64
184 182
113 240
332 342
65 117
212 268
303 183
51 134
109 132
143 350
293 77
331 150
169 55
23 308
5 345
4 240
98 247
355 284
122 241
123 296
217 291
353 291
117 314
47 35
269 37
344 218
37 217
222 223
192 30
144 145
74 94
164 220
273 307
64 88
302 70
50 39
306 189
287 278
93 195
168 166
22 65
12 111
16 106
206 269
153 135
103 191
287 52
291 49
55 56
258 346
352 33
224 124
244 119
45 2
339 285
174 350
324 207
348 213
21 233
116 169
135 17
263 92
49 208
358 346
286 135
324 94
309 302
162 0
209 27
101 29
266 34
195 88
161 216
342 281
346 212
256 244
20 21
78 263
6 32
162 226
147 138
63 38
66 326
30 309
289 237
190 191
214 33
289 350
308 46
143 111
132 252
167 341
99 355
190 14
247 43
86 111
160 237
270 102
41 318
166 23
132 131
39 287
155 290
246 353
32 23
341 19
307 159
270 17
90 277
38 93
203 30
354 158
193 4
284 245
303 75
14 26
74 257
274 319
297 102
99 174
175 13
344 7
75 169
353 335
64 134
268 304
179 247
108 183
127 149
164 353
84 56
306 206
198 64
307 347
74 114
330 216
278 104
117 48
188 238
47 293
69 189
287 266
130 83
258 28
349 93
150 22
334 307
79 116
13 294
73 11
93 88
202 353
3 336
352 94
153 99
83 222
173 32
103 163
107 292
328 215
291 45
1 343
68 153
72 220
257 126
314 121
24 287
138 299
72 43
291 267
1 113
55 290
21 126
348 296
81 163
153 302
159 256
232 160
11 265
33 305
20 41
186 273
229 221
67 14
214 355
161 85
289 24
290 307
309 85
256 335
171 92
237 211
309 198
312 86
190 91
137 45
265 96
29 199
251 91
270 211
308 2
271 190
89 149
161 288
271 303
19 190
166 51
247 188
216 272
14 71
160 120
17 289
146 71
166 130
23 271
8 60
27 200
298 282
193 224
32 162
269 139
327 149
226 104
136 320
246 111
193 145
302 301
14 353
344 227
145 22
164 310
202 193
38 347
64 226
27 22
16 261
141 34
169 297
301 284
249 27
302 15
212 137
178 41
140 158
40 26
352 284
26 213
335 77
231 44
97 72
13 330
201 250
55 243
310 308
130 166
153 127
173 4
301 79
121 307
286 317
36 268
92 116
21 176
45 74
230 206
91 308
310 86
21 33
115 186
243 113
10 306
234 276
72 71
129 128
153 266
7 163
30 192
158 21
124 299
128 88
257 356
24 25
205 102
134 34
209 99
195 16
214 284
342 321
15 293
0 2
111 140
336 106
228 168
138 176
218 66
91 240
238 1
313 174
167 63
260 355
336 249
209 269
29 58
214 254
270 316
308 119
271 109
20 291
241 188
100 241
247 98
214 105
342 146
56 119
19 109
170 3
133 157
246 318
137 218
321 149
251 212
288 90
108 315
53 342
331 28
39 295
204 230
28 20
51 173
142 20
236 151
199 29
217 85
166 174
259 344
98 208
99 153
169 107
278 327
28 314
326 51
37 36
221 263
292 359
40 216
61 190
155 185
320 120
107 160
326 66
273 342
97 138
259 135
353 224
50 0
141 215
235 4
70 71
127 50
325 138
236 347
349 20
278 16
207 106
279 329
177 131
358 194
178 348
16 15
202 342
22 21
64 283
83 41
102 199
103 154
178 303
16 158
35 138
254 2
291 20
70 353
311 73
352 6
25 96
44 324
244 28
248 87
211 333
173 104
304 153
234 86
343 344
24 296
44 219
82 34
45 174
304 104
230 234
215 258
200 41
163 191
186 4
266 188
195 238
267 205
290 38
54 55
148 184
6 170
45 336
138 114
31 269
34 35
200 263
149 338
63 188
101 73
157 167
343 156
309 28
76 313
356 25
218 38
39 20
80 75
191 169
29 30
356 232
265 47
33 219
123 239
321 343
132 281
242 243
190 19
191 318
124 243
289 290
56 19
242 322
351 36
142 65
109 242
184 183
351 181
65 116
355 142
14 63
198 296
145 188
199 1
189 43
118 243
283 42
51 54
344 44
142 355
166 293
331 358
64 187
245 244
155 20
317 199
136 280
268 269
306 88
269 36
142 274
359 332
130 298
226 131
108 227
37 169
202 104
169 353
23 138
272 118
291 210
59 350
168 167
316 359
154 70
83 84
248 149
49 356
103 41
50 183
267 301
291 163
292 200
130 255
224 142
22 49
245 296
173 59
174 236
159 120
163 125
201 178
59 60
116 59
45 1
248 115
49 70
304 133
253 254
96 39
352 145
210 211
304 20
159 158
324 95
309 301
21 89
115 114
149 148
116 217
10 202
45 291
176 222
266 80
195 202
200 212
346 290
149 261
209 26
135 310
105 217
181 148
54 130
20 22
204 283
275 339
9 259
229 184
158 252
252 15
57 15
238 78
167 118
24 192
43 44
208 109
134 133
171 115
284 306
157 60
52 278
109 291
237 238
110 4
194 35
32 330
195 262
124 160
271 165
56 64
238 168
312 42
204 72
42 127
136 248
227 185
100 137
160 238
251 47
14 249
56 47
166 20
39 286
298 148
65 167
193 106
264 28
247 219
75 74
38 82
350 192
351 169
89 90
217 141
146 243
165 85
293 96
4 213
297 101
61 4
99 209
226 69
155 67
283 54
151 134
250 79
303 59
17 102
154 265
178 179
269 72
198 54
2 325
249 126
178 2
141 142
325 177
339 109
287 245
16 56
197 119
2 103
93 38
97 35
248 177
46 100
267 329
305 30
13 293
306 305
70 286
328 329
201 221
40 349
282 262
102 143
174 264
301 106
196 320
59 88
258 319
116 31
153 19
97 269
135 231
324 44
253 130
343 256
1 199
352 189
357 164
305 329
253 115
290 255
219 143
77 293
314 233
171 288
334 236
262 121
45 263
357 53
30 229
128 125
110 343
310 149
257 287
157 254
176 329
87 125
346 169
111 107
185 237
21 351
280 215
318 307
143 172
290 304
241 262
76 321
218 30
332 42
351 350
191 225
104 153
33 131
275 186
133 184
354 321
344 343
252 352
90 327
109 41
271 302
288 63
41 281
331 115
354 304
62 225
355 121
213 123
303 249
288 174
75 118
249 335
122 199
32 163
236 195
326 325
274 288
4 201
297 65
118 59
28 215
302 306
249 312
51 110
341 264
198 131
38 344
131 198
151 27
84 238
302 157
28 326
178 87
13 22
141 33
127 136
278 154
212 138
175 262
306 243
326 246
3 145
225 1
102 329
49 339
306 322
325 38
73 85
197 107
221 117
59 134
26 69
173 242
174 181
12 48
197 252
36 190
310 309
348 120
221 230
3 335
120 7
135 186
173 3
106 38
286 290
287 15
36 269
96 112
258 259
116 115
286 333
324 0
159 193
163 130
310 87
348 158
21 32
266 153
357 216
34 173
149 204
43 313
295 278
333 95
229 30
232 270
285 284
105 0
138 95
11 167
324 294
208 279
6 94
280 132
100 269
342 326
15 292
343 251
180 357
111 143
115 328
261 164
134 178
319 114
238 6
20 189
39 115
294 308
111 252
332 255
81 313
100 99
119 257
209 268
134 333
271 108
56 137
80 255
336 137
81 330
341 232
52 125
53 292
76 75
80 142
355 4
63 351
29 347
344 307
53 341
327 90
19 221
132 68
133 301
28 21
283 208
32 80
251 324
303 157
308 261
113 347
259 347
8 217
355 226
51 221
112 29
94 157
41 23
4 173
151 206
122 74
344 192
269 63
202 226
330 63
94 44
131 34
61 189
84 2
107 163
71 260
2 269
169 260
278 166
26 135
279 219
283 284
122 300
231 194
141 214
287 316
73 224
112 330
311 170
315 175
278 17
116 258
154 99
279 328
46 45
230 318
13 284
141 295
291 134
201 4
97 107
79 47
338 151
68 316
359 239
126 206
120 35
230 24
324 213
325 316
163 209
239 282
96 28
281 190
49 170
234 230
254 253
115 153
78 15
149 127
25 129
233 38
196 190
234 265
219 247
347 58
58 59
77 237
101 231
266 12
343 46
346 254
128 37
314 272
280 224
10 9
138 194
48 332
105 141
158 129
161 163
0 239
66 352
285 2
323 339
238 34
39 23
336 230
321 342
322 9
214 27
342 76
345 344
313 314
242 240
80 219
137 100
322 184
342 191
184 201
38 164
42 43
242 323
136 172
247 246
265 264
303 192
51 283
86 176
17 351
15 252
95 34
8 102
85 120
303 177
216 201
296 289
4 242
155 102
283 45
213 164
341 351
269 210
142 352
71 202
273 23
95 192
64 188
27 32
154 306
249 240
227 344
16 319
89 287
326 28
37 199
131 30
222 221
278 211
297 298
141 105
108 220
3 88
349 198
169 352
350 289
211 157
49 266
47 259
122 320
231 230
330 309
188 187
353 124
207 73
102 273
224 143
82 229
301 5
159 123
276 325
258 344
277 236
206 130
12 335
125 306
234 75
35 54
328 12
257 16
97 337
352 146
177 281
215 289
309 300
21 88
149 147
116 218
153 336
11 158
285 339
233 2
68 69
343 93
181 354
295 222
314 325
172 171
337 108
138 23
266 32
87 88
252 153
200 292
111 86
6 38
137 341
300 263
319 37
90 223
332 176
63 32
66 324
29 112
284 307
356 62
104 47
347 341
238 62
81 257
171 131
190 189
321 306
194 32
137 55
321 163
52 53
345 37
199 198
184 229
113 1
41 316
298 149
246 359
283 235
104 348
322 271
303 228
18 20
327 34
184 340
113 146
19 277
259 258
8 2
27 238
28 93
303 85
255 332
354 15
154 278
317 234
88 14
306 125
14 314
178 176
2 322
258 248
353 190
192 124
250 302
17 135
2 245
292 15
353 47
207 188
211 185
301 327
201 115
92 332
335 24
102 317
103 76
12 13
306 302
126 183
82 201
64 324
245 267
301 105
121 277
339 330
305 110
125 357
328 217
348 4
224 26
352 207
187 142
263 45
267 54
162 320
129 9
239 338
310 72
205 286
22 316
206 9
45 245
266 226
34 134
219 142
310 251
120 313
263 211
286 112
215 186
181 326
238 265
275 257
257 286
172 143
138 11
157 253
158 78
215 43
343 214
200 320
110 199
24 174
295 83
66 313
357 278
232 49
290 305
346 89
238 107
24 221
261 208
63 68
119 316
53 94
20 265
294 152
332 43
5 219
104 154
86 30
251 93
52 154
342 116
189 287
136 149
85 222
51 290
293 289
133 200
355 120
213 122
341 53
288 175
17 295
217 127
236 173
199 59
18 120
203 60
169 252
249 334
142 169
145 123
316 228
28 208
13 132
160 344
145 20
71 146
37 14
164 304
94 49
131 201
60 225
316 91
193 256
306 97
269 107
255 70
278 155
46 167
250 322
141 177
287 347
272 32
163 329
164 22
255 215
3 144
23 205
47 315
140 111
88 264
141 258
325 37
328 279
255 164
2 72
225 113
301 60
174 186
196 278
197 251
310 266
221 229
352 124
277 179
225 226
282 283
286 291
106 39
16 195
325 327
35 97
224 38
352 235
25 59
150 274
120 119
46 355
49 141
230 204
267 82
324 1
148 311
186 110
96 224
315 334
334 94
45 217
263 166
176 8
11 73
267 163
234 274
72 73
129 134
77 200
176 231
215 94
20 88
209 97
228 219
319 236
162 185
309 6
204 348
77 42
24 138
115 331
209 242
265 160
214 141
20 190
114 49
209 259
104 103
33 61
104 246
86 58
160 184
109 123
237 70
275 217
185 347
247 237
265 275
344 308
89 247
53 340
94 352
114 354
132 69
332 301
8 75
136 0
28 22
86 260
14 33
75 21
296 326
95 94
23 301
131 263
354 68
27 214
283 64
212 346
340 151
32 192
193 194
198 349
165 108
94 130
296 213
231 287
88 87
359 298
142 308
38 325
131 37
98 48
320 122
141 68
306 5
326 64
2 266
258 160
69 226
70 69
93 252
116 259
316 349
211 113
178 346
73 112
97 106
64 285
173 213
304 268
106 136
254 0
220 144
221 201
244 30
120 36
45 27
210 90
230 25
135 153
286 287
174 321
348 204
21 210
239 293
97 308
286 174
215 284
163 161
11 117
105 82
177 333
196 191
34 206
253 58
215 141
54 53
219 246
55 356
77 236
138 112
33 270
196 206
34 33
324 283
106 332
21 293
63 190
161 162
0 224
309 26
185 36
42 359
24 230
285 1
109 317
190 134
137 26
100 0
29 28
104 67
33 217
270 286
199 332
289 183
184 91
237 153
57 211
294 160
242 241
218 215
251 5
252 314
15 78
180 15
270 137
289 288
53 263
167 259
246 280
318 181
247 241
160 51
51 282
180 190
327 57
184 185
259 297
95 45
5 309
99 38
8 103
355 176
216 202
89 124
217 183
237 332
113 326
23 305
99 183
123 301
269 209
108 63
131 240
331 280
226 46
227 347
155 22
47 44
231 259
140 322
107 241
14 351
269 34
127 242
164 328
93 318
344 221
353 145
140 209
37 343
3 91
22 213
352 343
168 26
192 128
359 44
107 31
254 322
201 86
311 137
330 306
168 169
291 165
130 253
97 118
22 55
334 325
304 296
163 127
21 133
349 280
120 64
248 117
102 112
304 135
12 328
234 72
253 252
182 184
210 209
120 175
358 345
186 38
115 116
333 149
295 328
200 214
149 259
82 294
135 304
176 175
195 93
342 284
200 293
219 67
9 257
161 78
15 287
347 295
241 280
333 328
158 269
289 226
218 56
237 236
238 63
242 130
190 162
137 54
29 224
104 191
124 162
87 302
53 234
237 125
241 122
298 3
9 76
191 348
123 122
322 157
14 255
252 350
218 346
237 14
222 354
204 217
284 65
14 110
17 314
307 224
308 335
75 76
27 225
213 214
89 88
189 77
88 96
38 306
296 173
297 244
193 315
178 177
197 339
112 181
222 190
301 309
107 106
141 140
236 270
127 103
59 271
3 183
226 276
301 326
88 301
2 101
277 301
150 21
26 111
335 27
192 283
207 44
117 174
339 220
305 28
306 303
16 73
310 303
93 85
103 220
234 29
348 5
186 216
45 99
211 263
304 163
49 96
68 132
301 249
91 301
183 245
22 317
304 50
286 230
34 135
200 99
128 192
182 55
58 1
149 182
232 276
357 51
158 60
176 252
128 127
96 291
81 49
209 4
262 14
172 136
105 187
215 42
181 246
295 82
208 188
289 29
290 334
57 41
20 155
347 259
265 20
356 211
266 295
357 358
87 349
345 358
327 338
110 38
312 89
294 153
133 21
9 31
119 172
156 346
218 143
143 76
274 237
203 209
293 351
119 93
247 8
321 142
51 293
344 345
161 293
146 51
189 143
354 206
264 58
28 51
321 63
236 174
326 296
327 1
166 129
131 298
188 329
288 287
273 77
41 57
95 138
8 142
118 57
155 33
28 209
14 356
89 293
127 293
71 141
112 66
331 288
41 74
98 45
26 318
335 296
4 346
179 212
307 267
3 2
258 221
296 24
349 156
169 302
301 281
302 18
287 346
144 220
272 33
326 244
74 149
292 44
164 23
97 220
207 147
212 251
231 41
117 130
83 14
196 279
268 132
352 125
79 250
135 180
300 245
12 129
287 9
325 326
258 257
349 320
150 275
44 242
210 6
72 251
91 265
183 217
149 89
314 24
25 171
334 95
300 27
176 9
357 198
309 355
336 335
157 303
290 112
219 26
20 89
78 211
243 144
263 327
30 86
342 324
343 245
0 5
309 5
76 272
313 66
115 330
134 176
63 234
319 124
138 191
33 67
158 314
180 278
143 130
109 344
256 302
5 173
63 123
356 247
124 123
242 202
190 122
100 252
156 190
191 263
52 127
199 248
109 122
167 286
132 183
354 355
318 158
303 302
322 197
217 41
331 17
99 13
217 90
56 344
23 300
297 18
99 154
118 234
320 349
250 18
112 31
293 38
222 84
4 175
99 235
28 309
108 107
142 309
164 341
202 224
273 186
127 217
221 260
279 100
245 142
329 227
168 63
26 133
211 131
122 298
306 149
163 356
112 332
93 251
59 311
349 17
188 145
177 128
268 217
197 77
178 347
2 45
192 323
121 355
338 149
31 202
69 3
221 200
139 221
343 341
325 314
92 91
220 0
201 356
116 81
206 215
150 319
120 148
301 193
68 220
328 97
58 86
206 70
281 301
58 57
295 308
138 113
181 189
185 186
300 285
138 192
285 111
72 324
162 218
295 26
63 14
191 69
285 0
110 111
219 260
20 339
111 274
332 29
194 218
143 23
313 312
5 18
8 266
9 87
109 94
271 243
53 262
38 218
76 105
294 48
42 41
189 326
228 316
142 68
217 5
199 109
345 120
307 135
17 349
4 109
169 170
5 308
27 260
85 6
217 182
240 241
170 260
8 247
341 349
51 59
145 66
240 64
38 279
94 127
41 113
131 243
151 236
27 34
118 97
359 329
112 138
330 81
23 22
297 296
306 38
350 295
26 153
282 15
121 29
88 338
144 36
329 104
130 75
207 75
173 56
83 198
234 38
220 117
183 99
58 264
83 183
301 148
49 123
31 63
337 320
135 13
305 290
159 155
72 51
186 39
96 169
280 32
6 250
262 144
48 12
286 26
181 352
295 216
82 295
135 307
157 279
30 31
347 137
208 209
280 254
318 282
135 320
137 347
190 208
356 56
128 289
351 359
8 343
171 133
137 53
356 143
191 206
87 297
199 307
271 166
167 337
133 65
227 186
190 50
119 120
18 131
53 282
39 283
132 143
114 344
247 212
307 227
203 18
166 154
4 65
259 260
5 296
118 163
216 167
217 146
274 315
98 151
226 64
28 206
47 82
108 28
236 105
202 169
331 263
41 109
64 154
335 343
212 2
340 63
13 239
178 174
231 294
198 53
202 56
221 332
37 249
226 162
245 70
301 308
231 183
198 68
145 328
93 178
349 40
169 322
60 61
279 285
154 54
174 45
287 246
163 316
255 130
292 152
130 47
329 4
334 311
316 262
291 64
2 21
64 326
49 22
106 193
125 355
324 152
16 217
186 217
258 314
224 28
337 275
45 98
304 164
267 40
324 47
163 235
201 316
129 15
277 127
72 47
58 14
96 181
44 45
101 172
210 325
176 253
162 32
181 324
54 242
347 100
57 334
82 267
176 332
252 191
34 102
72 269
111 116
299 22
0 169
346 39
39 72
265 27
29 82
33 23
90 32
76 211
5 217
351 347
191 226
356 163
15 16
274 234
113 82
204 111
136 151
63 292
156 202
322 254
160 13
216 357
15 129
327 115
293 303
331 116
294 120
355 122
246 321
265 326
160 124
288 161
18 118
308 300
23 267
133 327
118 143
264 138
194 343
142 175
94 164
350 50
4 180
117 333
99 206
14 357
236 77
331 291
98 42
64 230
302 160
3 5
131 88
169 301
259 175
212 149
175 259
140 154
88 155
163 331
116 297
315 132
26 209
192 201
69 157
306 321
325 35
255 166
330 331
59 155
22 13
301 58
304 354
305 63
36 185
59 8
224 73
225 224
206 329
282 281
49 50
233 301
258 286
262 318
120 121
301 220
230 194
103 336
34 313
328 70
115 190
120 232
125 105
181 311
200 128
78 161
81 131
157 302
105 5
33 352
31 277
34 27
219 29
43 331
78 208
134 38
30 87
87 2
20 201
190 281
290 339
241 295
336 253
156 264
104 105
32 262
18 297
356 327
123 180
218 352
19 113
184 48
355 9
265 273
284 27
123 37
51 256
104 263
216 321
18 203
39 291
260 28
355 150
85 97
240 214
166 162
296 328
189 3
28 135
193 192
212 356
32 194
251 310
216 159
288 316
145 101
112 16
293 37
41 20
4 168
222 85
155 12
88 89
359 292
37 32
112 111
296 102
259 122
353 139
151 56
245 141
282 185
64 194
222 228
164 165
311 310
168 32
212 169
359 10
349 16
59 310
117 244
230 317
340 341
359 155
325 7
311 212
248 236
103 150
129 341
59 20
46 274
49 94
103 231
139 220
286 285
301 175
343 340
328 19
36 300
257 9
276 275
150 316
262 282
263 119
211 318
286 172
324 103
205 292
244 318
262 181
267 193
233 43
310 161
58 198
333 64
82 320
210 269
157 306
158 117
33 268
124 331
346 253
275 315
134 2
157 163
161 160
290 260
185 42
78 351
191 68
111 285
80 79
208 20
146 342
132 261
298 45
341 137
345 206
271 242
113 26
241 45
294 49
223 213
298 188
119 4
32 0
160 53
288 122
142 69
271 355
240 355
94 322
166 127
4 110
42 185
132 59
8 105
189 182
133 270
47 200
85 5
284 238
303 178
14 3
184 298
240 242
95 188
249 260
213 161
236 6
255 314
165 14
293 217
222 49
169 75
98 99
41 112
296 179
38 276
274 359
28 282
47 46
122 109
340 36
269 32
142 278
326 19
245 97
326 162
3 93
259 231
188 199
353 0
279 248
174 22
122 335
175 315
325 106
188 182
248 153
102 276
46 76
103 37
174 129
287 162
126 158
35 221
291 167
59 195
225 191
117 34
224 113
44 292
82 115
45 125
173 72
253 250
182 190
310 99
129 34
276 311
314 110
187 212
277 90
334 101
115 201
210 207
10 359
49 203
196 14
305 289
219 167
334 148
7 86
319 320
105 76
68 64
125 17
162 29
309 346
256 90
129 204
220 267
262 32
337 97
253 333
20 18
24 85
232 216
72 353
146 299
238 61
76 168
137 52
119 202
194 63
199 306
19 56
75 352
238 172
274 135
223 184
298 1
190 51
104 304
123 124
284 44
218 344
283 236
247 215
29 256
32 44
18 19
38 86
94 318
4 66
259 263
122 175
212 301
213 212
14 31
240 30
113 352
131 321
4 209
355 319
13 157
51 22
288 356
198 155
293 253
41 108
331 262
353 322
38 304
279 62
269 68
127 144
258 247
131 127
192 127
46 142
231 182
88 128
107 108
17 132
108 195
273 274
37 329
22 247
122 355
302 103
221 109
154 166
121 169
267 333
328 333
220 171
2 18
40 321
3 343
352 83
173 27
304 214
12 159
31 141
107 283
163 29
254 94
328 220
257 192
96 104
224 29
97 257
58 301
44 264
135 227
138 325
49 102
339 316
103 303
1 219
24 356
334 65
262 226
120 205
337 163
263 191
139 117
45 242
234 317
0 285
77 289
115 82
314 245
33 347
346 258
57 333
257 275
96 293
78 245
134 59
82 264
195 59
110 202
205 206
208 190
280 219
299 9
191 15
158 220
238 110
347 261
167 22
5 183
209 292
321 354
357 356
214 215
342 24
323 300
219 335
132 334
318 17
160 159
124 192
241 100
5 105
119 95
284 48
274 122
136 103
355 125
283 200
246 326
308 301
327 3
94 282
203 49
297 52
84 276
284 214
237 274
146 211
166 278
189 111
118 63
317 154
8 176
249 316
340 237
13 129
221 318
259 1
151 23
155 208
179 214
198 22
269 104
127 180
89 340
3 4
41 217
297 359
26 175
212 150
13 99
306 239
127 5
255 208
2 212
112 290
116 298
353 72
335 72
267 280
16 24
201 108
153 209
26 65
335 249
177 235
31 208
272 193
130 163
150 166
102 175
139 179
305 143
197 137
325 324
144 267
96 116
224 57
349 350
44 236
281 166
229 312
301 219
304 65
305 280
324 12
44 131
79 282
30 186
105 123
358 359
129 155
77 197
176 154
346 230
54 223
256 2
111 26
219 28
243 146
280 136
209 102
208 267
180 353
162 180
0 7
90 227
204 351
171 46
9 351
63 20
228 85
247 347
33 65
241 294
167 58
104 106
322 33
213 328
33 50
342 36
52 202
53 191
271 104
190 120
124 228
161 342
289 281
56 124
19 112
42 51
354 353
298 217
284 20
14 181
271 270
184 160
283 212
216 241
89 101
142 25
166 163
269 170
113 296
8 172
88 90
179 133
273 184
202 238
112 96
221 258
226 248
65 318
255 103
164 166
60 119
173 304
249 58
325 117
272 15
154 111
103 0
359 154
287 201
144 73
73 117
268 219
328 310
292 209
206 315
192 325
301 29
139 334
69 1
70 346
220 147
221 198
277 212
120 39
338 34
174 324
358 33
286 258
92 85
186 158
149 10
314 75
25 20
352 138
281 130
139 44
233 153
234 226
72 25
163 162
205 291
78 19
7 109
48 98
200 189
43 281
243 193
176 134
266 8
343 42
147 263
185 184
58 182
24 122
6 62
228 250
67 60
72 326
111 175
332 136
261 132
190 314
104 55
29 104
143 224
110 109
57 103
20 349
318 94
284 346
90 25
146 343
75 327
275 137
167 175
317 286
190 20
318 41
66 30
179 293
252 309
289 293
294 54
132 149
189 324
298 189
133 252
246 287
216 350
108 276
331 63
169 168
5 306
189 181
85 4
251 356
142 245
146 136
165 188
240 243
260 128
99 184
189 38
249 267
341 347
269 206
17 125
217 293
293 216
131 245
47 41
340 37
344 160
89 355
94 12
293 169
4 284
278 215
61 221
245 96
282 154
192 20
249 101
246 219
231 141
325 216
307 325
70 21
255 27
37 340
279 251
173 276
46 226
192 131
230 335
50 33
69 195
88 340
235 231
291 217
2 156
93 221
168 172
277 278
37 293
188 183
339 197
267 288
292 245
311 59
187 9
282 303
287 50
254 35
55 54
59 51
349 277
352 39
79 188
82 112
135 254
305 215
115 200
116 183
79 301
262 263
263 90
49 202
304 9
324 68
1 111
21 100
171 315
195 177
31 351
34 209
125 16
310 130
295 218
78 158
229 82
30 29
162 141
54 135
312 354
20 19
15 280
346 65
111 195
313 120
204 359
208 98
191 123
194 141
157 55
214 200
146 296
238 194
57 131
99 280
9 224
119 197
85 341
15 62
180 127
237 122
147 110
57 236
137 132
247 33
240 305
166 9
294 82
132 137
155 312
193 109
66 149
166 152
27 226
85 24
89 93
198 265
269 353
273 102
296 257
151 157
320 135
178 221
268 351
145 44
41 83
331 313
4 353
335 337
317 230
268 302
107 222
330 115
349 181
353 178
316 34
188 117
107 111
306 200
163 337
144 243
112 263
3 184
22 244
98 358
188 228
154 52
335 119
126 296
349 87
116 326
151 321
335 228
177 206
106 188
69 72
178 353
73 13
291 66
220 164
93 82
201 192
3 342
225 218
281 88
230 85
339 334
106 207
304 215
287 22
182 232
36 278
257 199
258 312
135 226
103 302
305 243
253 157
343 287
1 218
129 13
77 335
115 164
149 66
334 70
172 101
45 241
135 115
55 312
44 47
153 304
45 258
176 255
195 173
125 52
343 125
234 333
54 240
111 1
149 292
172 139
157 249
195 58
323 241
253 336
346 178
313 43
276 153
24 178
265 136
91 234
110 186
20 166
208 78
280 331
63 64
29 80
33 21
218 27
56 242
271 23
219 334
111 340
336 162
190 93
356 173
86 18
251 81
124 193
76 92
321 131
322 252
14 222
52 21
345 5
109 36
19 196
38 224
184 133
293 301
331 118
166 53
99 18
132 109
354 205
41 284
265 324
341 49
326 303
27 206
28 189
84 277
284 215
51 196
288 274
307 110
274 285
293 15
296 253
354 47
122 51
175 47
108 2
202 203
94 53
222 14
95 260
245 183
179 217
108 145
226 324
279 178
282 210
46 171
47 342
250 334
287 327
73 207
2 213
22 144
97 209
23 201
353 79
98 266
12 94
340 307
291 145
164 97
202 316
330 329
12 45
359 198
201 252
206 335
244 6
79 199
338 63
49 48
21 186
116 120
262 316
45 68
304 66
49 129
182 103
291 348
257 92
310 40
206 105
7 8
135 87
45 213
281 342
34 166
280 26
120 345
263 307
157 300
176 155
33 358
285 279
324 291
343 1
0 105
200 273
256 3
111 37
276 206
24 31
243 149
228 199
300 308
138 43
323 237
289 77
208 155
9 350
67 208
33 64
90 147
218 76
0 183
346 57
180 273
111 251
294 297
29 52
213 343
32 280
214 240
52 203
53 190
171 207
104 250
252 274
38 189
76 64
132 178
223 243
251 234
199 138
165 310
222 313
136 4
28 18
194 262
32 85
213 26
14 37
217 95
113 350
95 90
122 228
160 265
216 97
344 86
255 256
202 156
165 104
75 230
98 93
353 280
317 189
250 128
108 102
329 279
273 191
83 352
340 113
175 176
329 224
37 191
3 99
97 140
353 250
117 65
69 238
107 55
221 35
224 265
22 188
282 89
140 15
268 212
287 200
340 343
36 72
3 257
315 19
64 273
287 89
126 243
328 134
220 108
257 158
116 45
177 103
343 342
163 212
115 239
97 328
116 92
49 173
34 347
159 160
200 47
215 280
1 2
96 128
101 145
30 151
215 137
129 230
257 297
333 126
243 192
10 163
138 124
323 56
343 37
347 174
21 289
276 226
78 306
209 65
138 207
176 278
229 142
72 327
110 131
171 13
209 210
63 11
104 56
157 82
323 342
90 119
143 227
0 147
309 151
181 92
39 18
351 268
152 334
336 219
322 2
298 43
318 46
156 157
191 292
66 31
356 357
89 166
14 231
240 278
113 24
136 81
155 351
199 110
350 238
332 333
47 202
212 267
94 211
188 268
246 62
340 183
292 306
75 130
98 97
278 357
175 231
268 267
198 204
108 74
71 342
40 186
203 294
221 357
279 133
245 111
88 166
141 100
178 24
145 353
329 156
311 276
60 20
350 298
173 275
211 160
174 20
301 350
69 194
141 245
325 104
254 326
2 157
150 13
315 206
207 84
335 3
154 64
267 291
73 16
221 184
206 276
173 53
338 116
174 246
103 180
106 232
125 348
126 239
186 192
82 113
339 290
12 324
215 335
253 248
163 240
182 188
148 260
115 203
352 151
25 247
262 260
135 14
139 75
128 248
1 110
183 258
96 172
149 158
153 347
195 176
233 5
196 159
34 238
162 27
54 21
347 29
310 131
209 28
34 65
125 128
253 331
91 16
20 28
314 305
43 149
134 236
63 222
67 27
157 133
111 194
185 68
115 263
247 258
194 138
218 4
56 215
110 14
147 0
275 55
238 195
351 352
8 346
261 8
191 203
123 129
124 190
15 57
184 123
241 126
294 192
223 186
298 15
63 269
104 306
344 321
52 50
184 234
293 264
166 14
167 291
260 71
118 311
355 67
29 286
303 227
17 318
18 17
109 208
259 265
8 7
145 146
62 297
249 294
193 142
50 273
51 24
142 321
41 82
335 336
27 3
246 181
84 208
212 13
231 291
108 174
330 112
131 97
169 310
188 118
151 98
278 240
302 250
231 176
88 130
144 244
163 336
74 125
93 143
273 272
258 100
164 255
23 164
26 248
88 305
144 3
291 244
201 118
151 320
267 335
201 199
292 234
150 152
153 100
338 88
102 129
177 94
305 97
125 352
163 31
257 198
59 94
244 82
45 95
211 267
49 100
163 236
1 217
129 12
257 119
21 22
45 240
34 131
128 196
291 304
276 68
336 359
337 50
120 318
263 206
125 51
215 177
111 0
77 176
209 120
100 279
105 191
34 101
205 204
243 297
280 221
6 7
295 78
52 321
289 17
308 235
294 258
280 332
9 178
194 238
214 213
143 219
128 256
223 265
260 261
336 163
191 239
86 19
18 339
19 86
113 87
76 93
203 213
42 93
298 227
318 230
85 217
284 50
322 253
344 349
18 226
293 300
203 162
223 47
354 202
189 139
65 133
71 107
146 190
203 51
331 198
99 98
122 193
47 130
71 248
236 57
74 300
222 124
131 191
60 271
188 308
250 109
88 64
179 171
142 349
198 133
41 78
335 308
250 220
88 239
107 189
89 346
112 213
278 156
188 26
301 277
122 274
272 37
292 40
59 303
22 145
225 27
226 308
49 341
358 217
103 30
70 237
73 95
36 85
329 37
292 191
130 14
97 65
244 144
334 278
154 184
173 236
151 356
174 191
130 161
352 113
172 292
125 260
144 269
55 121
220 56
349 348
46 356
73 266
243 118
300 23
357 194
358 357
215 228
128 160
182 23
220 350
58 33
30 203
31 278
181 165
238 302
185 162
20 101
149 327
43 332
300 309
67 66
157 220
30 90
232 131
39 152
24 143
190 284
356 108
229 250
158 318
143 142
0 136
9 174
190 239
285 169
214 241
289 174
53 189
18 292
80 245
336 143
190 126
104 251
303 325
29 164
113 115
133 134
265 278
142 108
270 33
109 7
218 286
217 45
259 304
260 31
8 112
133 279
65 97
66 218
32 86
184 273
75 8
95 69
27 173
320 337
28 130
212 359
123 260
303 8
198 342
236 29
145 90
112 19
75 153
297 167
28 305
179 135
344 198
164 337
329 278
221 256
293 179
188 79
26 286
65 316
155 190
175 179
235 108
164 160
93 326
97 131
245 59
175 288
248 128
211 116
230 304
103 2
3 256
59 184
277 353
245 349
192 327
103 147
305 88
69 15
16 149
235 283
130 133
153 92
135 148
49 83
68 329
254 148
25 26
82 29
337 344
263 112
138 283
305 314
328 101
163 164
115 159
78 17
333 236
195 215
215 136
181 264
309 323
290 33
310 164
220 290
276 124
257 296
78 128
82 319
186 353
209 64
256 159
312 311
114 255
67 207
143 226
110 115
219 280
167 216
43 86
152 335
134 291
318 92
356 151
52 168
327 278
8 270
227 130
191 295
123 85
289 315
18 155
237 37
351 45
247 204
85 145
32 3
143 305
19 255
184 190
298 330
62 163
99 45
212 276
303 191
142 251
217 186
296 295
355 260
340 176
175 113
331 287
350 9
117 258
246 174
249 250
178 134
142 277
198 205
245 110
64 33
155 154
212 89
88 167
145 352
329 131
187 301
338 339
47 265
212 200
340 261
287 286
70 154
306 181
2 154
221 6
224 278
277 276
315 193
353 118
23 240
174 132
103 38
268 249
141 325
73 23
36 109
93 76
224 133
174 247
233 345
287 60
277 246
187 120
45 122
233 234
215 334
34 269
126 127
182 189
21 241
149 44
262 261
233 123
290 210
128 249
54 123
309 310
239 181
149 157
281 269
357 26
30 240
68 67
105 49
176 213
55 327
314 335
243 223
87 86
342 273
314 318
208 213
81 89
318 286
15 282
90 217
0 193
181 14
147 146
111 205
242 44
43 37
232 106
323 309
260 290
318 120
191 202
15 56
147 112
76 58
241 125
132 228
190 54
137 138
251 36
52 51
342 221
218 295
56 54
199 188
193 99
14 115
89 50
269 270
184 346
240 130
189 215
118 167
51 234
198 271
8 151
354 9
155 88
264 353
160 306
269 240
94 95
296 146
131 211
4 355
26 295
88 20
307 306
326 114
202 36
349 179
222 163
88 131
107 97
273 279
292 53
74 122
47 301
50 195
88 306
16 63
292 132
330 339
349 85
334 315
26 104
335 230
12 11
305 23
272 216
55 231
154 212
338 89
230 75
174 275
358 28
244 83
337 279
300 157
138 320
102 17
49 155
286 344
324 43
72 196
253 155
0 353
115 166
206 19
135 109
101 327
357 173
67 331
267 189
215 195
310 253
129 188
45 256
286 122
219 53
256 57
239 62
77 175
58 253
280 175
299 253
67 105
125 163
72 305
111 112
21 344
276 155
43 240
186 281
190 353
318 314
228 188
243 296
42 312
171 84
9 177
191 153
158 338
124 108
90 44
218 25
143 218
238 220
260 262
99 310
156 343
321 272
113 86
185 321
298 224
317 324
264 80
63 288
137 166
156 198
322 250
251 192
14 220
342 249
327 111
27 339
118 272
193 79
136 106
85 73
213 4
326 301
259 356
95 96
5 264
193 248
249 336
28 191
216 135
273 64
293 13
297 74
61 33
151 163
302 309
340 232
359 316
269 20
108 124
202 201
94 59
259 2
302 164
107 188
307 270
169 273
47 336
231 215
178 33
97 215
187 341
225 26
207 158
22 150
141 316
325 47
93 3
3 295
97 64
79 80
117 141
102 211
304 358
103 110
291 96
183 54
349 298
79 193
44 344
135 179
300 242
83 130
304 245
103 255
31 98
253 206
328 251
92 76
55 120
148 334
352 225
304 68
92 227
129 111
262 205
300 16
215 231
54 35
152 39
337 29
158 29
343 3
162 64
205 30
318 327
263 322
67 69
157 219
87 30
15 301
39 155
261 173
157 76
90 145
308 200
109 339
43 109
333 267
190 236
194 243
32 282
33 55
327 301
75 348
241 180
294 190
332 69
29 163
113 114
242 342
189 317
355 13
119 60
51 260
216 325
142 109
18 199
109 6
274 93
166 87
259 307
28 108
288 193
326 265
18 86
236 143
237 354
331 229
4 5
99 129
62 279
355 235
213 137
179 25
142 143
145 89
37 91
165 22
4 148
169 83
297 166
354 49
88 93
13 162
326 43
221 287
4 315
259 126
64 198
335 267
340 115
306 63
3 101
188 63
279 208
192 186
250 352
325 114
258 45
22 178
150 103
46 52
174 105
178 340
70 206
150 214
244 245
206 318
83 49
192 344
126 241
55 47
221 195
281 22
286 257
73 340
334 13
281 135
300 101
263 115
337 351
34 345
1 0
159 307
238 344
310 165
243 194
343 39
54 190
63 164
228 229
67 33
214 304
110 129
114 252
167 74
295 17
336 78
209 208
265 198
29 101
232 15
194 164
33 98
124 37
0 149
167 219
333 303
318 93
265 87
33 211
342 71
218 209
184 97
275 138
167 168
136 196
190 27
321 216
85 303
344 359
56 27
274 46
113 30
76 102
189 321
298 184
318 191
341 6
160 73
217 8
327 55
19 254
240 359
38 46
166 115
212 277
51 145
255 337
169 62
155 127
249 264
213 173
160 279
217 298
37 127
240 69
293 197
296 183
169 79
4 136
61 105
154 317
331 286
359 324
107 247
71 336
329 305
3 48
178 22
108 219
145 359
164 197
112 286
292 18
330 173
350 296
353 4
226 266
245 30
338 336
301 348
211 162
302 79
140 94
69 192
359 42
188 178
26 21
207 86
278 52
2 10
59 199
352 75
277 132
334 335
245 304
173 51
282 298
102 155
103 182
328 164
291 56
183 126
304 189
305 212
34 266
126 124
24 268
22 299
149 43
352 169
262 250
79 302
266 201
267 144
286 140
324 71
200 77
54 120
291 278
129 87
92 171
128 250
348 349
334 152
45 283
157 353
30 241
285 300
358 290
159 279
125 45
220 263
152 31
337 101
101 4
215 28
34 95
0 83
54 154
128 24
111 95
276 128
261 340
209 163
87 198
181 13
54 309
347 317
111 204
238 86
242 45
147 149
39 163
119 337
266 269
195 353
33 14
308 128
271 60
327 356
114 115
332 62
5 224
298 122
132 342
137 56
119 198
104 165
321 267
15 59
143 118
75 356
242 271
104 308
123 112
14 193
270 111
53 357
56 55
41 293
42 246
28 37
322 262
341 26
15 217
109 206
240 131
94 290
223 90
42 153
8 9
354 151
260 208
122 171
85 37
284 206
51 237
269 158
142 212
145 144
236 215
327 168
75 211
213 208
166 238
288 265
62 303
160 307
236 102
127 271
38 308
131 210
26 292
249 149
88 21
178 171
296 34
226 191
306 199
163 338
40 39
3 189
224 324
258 98
23 166
279 280
163 291
201 116
254 352
224 307
25 262
64 300
248 185
267 321
177 195
358 130
126 190
82 192
103 218
12 155
163 1
1 174
186 226
82 83
300 158
230 219
304 89
31 30
305 240
200 26
348 178
21 20
314 14
352 181
337 167
120 209
263 187
172 96
45 238
286 232
34 129
309 265
92 143
280 1
120 320
263 200
266 124
210 318
124 280
148 120
135 274
67 104
158 177
161 243
125 162
323 242
6 5
280 223
66 304
67 249
53 54
346 32
110 185
20 161
9 176
119 309
289 128
327 328
132 330
298 94
265 111
86 17
33 155
270 216
199 274
218 137
294 226
5 85
85 231
322 251
15 140
184 136
80 297
264 32
283 204
156 118
303 129
160 113
213 3
17 280
236 164
308 297
113 183
166 187
95 99
4 34
170 310
99 100
212 333
32 187
307 115
94 169
296 224
350 55
297 73
131 161
189 107
117 328
155 39
278 291
26 312
353 354
192 32
320 21
249 177
340 88
13 14
269 100
307 273
112 215
258 215
131 95
259 146
278 146
192 95
211 237
250 333
88 352
287 320
164 29
258 70
154 23
248 358
103 24
177 158
70 227
224 223
59 158
277 331
16 171
129 332
220 139
59 15
121 314
230 116
324 249
343 335
325 320
163 61
239 270
352 226
206 253
300 130
102 50
196 51
129 110
257 81
348 150
243 120
153 352
262 194
7 5
11 78
200 133
128 162
181 306
149 212
262 93
210 290
263 300
266 16
105 8
120 348
125 213
91 45
63 131
67 68
30 88
91 90
39 154
78 324
63 16
157 75
346 4
275 0
76 157
5 151
208 45
171 179
351 277
321 322
322 61
238 249
190 124
29 162
160 191
124 224
341 240
184 53
133 132
136 184
119 63
318 128
216 326
15 224
327 82
184 164
4 119
95 54
227 70
14 40
89 105
269 341
166 167
8 193
65 16
28 156
47 160
340 158
32 199
51 37
60 301
175 204
178 224
198 231
37 43
202 234
330 39
60 156
155 176
164 162
97 129
282 53
211 137
46 202
173 300
250 353
268 64
326 202
164 49
2 180
127 37
37 269
339 45
267 312
103 60
268 215
230 310
325 2
178 341
301 25
174 217
304 259
359 231
130 131
277 208
281 21
49 81
159 28
162 272
1 150
257 12
96 20
277 65
25 24
352 142
286 145
72 29
163 166
239 147
314 198
333 234
262 174
101 158
263 131
30 154
253 51
347 50
239 0
58 195
115 14
171 352
172 191
10 174
30 37
158 126
105 228
343 38
54 191
6 50
63 167
67 32
290 257
312 313
295 16
115 300
280 279
261 128
299 85
266 278
285 26
157 47
161 20
67 177
143 236
219 282
147 233
76 129
111 280
43 72
119 253
104 74
284 342
180 103
218 222
56 173
18 262
332 106
80 211
247 89
29 134
342 183
165 326
240 265
76 103
136 84
284 116
32 5
213 74
89 212
217 15
90 263
19 257
166 112
28 113
47 215
146 132
296 297
297 112
189 34
317 109
27 139
28 224
47 68
283 37
340 178
74 354
202 191
255 289
117 256
27 56
249 248
178 132
141 16
359 327
93 311
226 152
192 104
155 156
250 274
2 233
37 336
353 27
26 227
245 29
173 272
46 230
282 9
338 337
140 95
174 27
287 280
325 85
254 325
130 69
224 296
335 12
69 80
306 258
55 157
221 181
168 319
172 351
338 115
304 303
103 177
55 50
352 59
79 184
45 120
102 107
233 232
215 328
126 125
201 266
277 101
334 110
172 125
300 74
45 137
324 64
309 308
195 181
200 221
57 308
129 199
55 321
24 43
243 161
101 3
30 1
342 279
346 218
110 307
208 215
190 331
66 301
147 148
20 142
39 162
76 342
115 264
43 39
228 105
265 225
29 72
357 331
191 103
52 287
270 338
218 3
56 218
327 359
80 32
170 174
336 186
137 63
52 142
289 340
180 123
170 49
317 318
119 118
137 136
284 41
156 252
228 335
293 309
204 208
80 334
118 266
264 5
156 19
66 145
322 263
32 33
269 268
265 300
90 283
199 79
271 322
38 75
113 138
99 75
65 47
85 36
213 223
251 260
326 342
94 178
113 283
98 145
27 151
264 355
47 88
198 156
292 337
94 93
198 47
307 308
329 300
23 48
64 15
301 302
302 249
178 59
127 108
60 59
121 195
141 278
73 160
116 322
153 248
174 166
339 229
196 314
173 22
139 138
174 273
339 338
107 286
126 14
328 193
36 274
55 22
287 18
186 227
206 230
153 26
116 96
150 270
48 192
337 277
139 27
138 334
200 27
239 346
21 19
277 121
315 314
135 111
319 274
215 221
129 178
295 357
333 178
78 79
44 43
262 118
115 89
319 355
185 139
275 265
276 54
205 120
172 135
30 125
200 328
312 258
356 75
