26 47
31 6
5 31
20 25
8 7
42 10
40 22
17 20
41 23
22 19
46 12
29 44
46 42
18 19
33 41
17 46
32 2
13 32
37 35
35 15
18 45
14 31
10 7
49 32
39 45
11 22
35 21
43 6
41 2
14 1
16 29
12 17
36 40
25 15
46 25
36 37
48 17
29 17
3 2
27 1
7 37
15 34
30 14
4 5
3 45
0 45
22 48
46 45
20 32
16 0
40 29
30 16
4 35
28 32
17 13
22 42
46 23
29 37
44 3
33 34
23 19
40 35
36 41
7 44
20 49
37 44
33 4
23 9
36 5
45 28
8 18
14 8
38 5
36 29
25 16
41 36
40 14
38 31
46 49
1 15
15 43
2 12
26 49
31 45
49 34
6 14
21 46
19 18
7 15
20 21
18 5
42 6
23 40
47 31
43 23
47 24
32 16
11 46
21 33
10 9
8 25
44 46
24 28
14 19
12 7
15 10
26 30
48 15
38 22
1 0
15 48
39 23
28 24
2 7
13 31
5 10
2 33
32 49
46 33
42 1
23 33
19 1
32 23
41 17
46 11
35 34
18 22
33 22
23 31
45 14
43 34
8 0
32 13
44 37
33 8
14 26
47 32
45 40
10 26
34 15
49 45
37 2
26 25
24 9
0 17
38 9
42 22
49 7
24 47
14 38
29 22
27 10
25 46
49 25
28 13
26 45
0 40
46 40
29 48
3 37
16 11
40 24
4 38
42 43
17 10
22 17
46 18
29 42
35 43
18 17
33 47
23 5
6 28
17 44
7 49
22 11
14 29
38 46
45 33
10 5
43 49
49 38
35 23
0 19
47 18
43 40
2 25
26 10
48 19
38 26
3 4
48 35
31 23
49 18
5 6
45 7
1 46
16 2
21 35
4 45
28 34
2 45
32 37
22 40
46 21
29 35
18 8
33 32
23 45
42 29
36 43
25 49
8 14
22 2
37 42
49 28
18 34
16 28
23 11
38 33
45 26
10 12
13 49
35 28
45 0
24 23
12 10
10 22
3 42
2 16
38 29
3 13
1 13
49 11
4 14
46 36
5 15
20 41
3 19
25 34
40 6
19 20
2 36
41 7
22 35
46 28
16 31
6 38
21 22
9 15
17 30
46 6
11 32
33 19
45 19
34 24
17 48
11 6
9 26
12 1
36 6
10 17
25 31
49 42
36 49
13 4
37 7
2 29
0 7
31 34
27 17
26 6
24 42
29 27
3 24
40 16
6 7
30 0
30 40
28 48
7 6
31 5
5 18
27 45
42 15
23 35
28 46
17 23
7 28
22 28
29 47
44 9
33 20
9 17
47 12
45 2
45 12
34 19
17 41
32 22
37 38
35 10
9 3
45 38
15 29
37 0
0 30
14 2
1 31
25 10
49 5
39 14
2 28
26 1
3 1
1 49
15 33
4 26
28 15
0 42
31 2
29 14
3 39
6 16
30 45
43 7
17 8
22 23
46 16
29 40
18 15
33 45
23 22
6 42
36 46
43 29
8 9
32 6
37 47
44 30
45 31
31 30
49 36
37 9
11 10
14 5
38 6
12 13
25 19
15 0
37 19
2 23
38 24
1 10
49 16
39 29
28 6
2 49
0 33
32 33
5 4
3 44
48 47
23 49
6 11
6 31
12 38
30 27
46 17
8 46
22 46
20 10
33 38
16 26
6 45
36 2
10 32
34 37
17 27
32 29
22 0
11 45
42 37
16 48
38 39
12 46
45 24
34 31
49 46
39 38
9 23
24 25
10 20
25 20
15 9
29 2
26 19
27 26
1 3
49 9
39 26
19 48
2 8
3 21
6 2
30 31
19 22
26 39
43 33
22 33
5 23
20 17
5 28
9 44
16 17
6 36
21 20
10 43
32 28
32 20
5 49
35 33
23 2
45 17
34 22
8 29
32 10
35 7
9 24
12 3
19 43
46 22
38 10
12 25
49 2
13 28
2 3
26 4
25 41
6 5
26 46
7 0
41 20
5 16
3 32
40 21
21 29
28 40
22 18
31 25
33 42
16 46
6 49
37 36
11 49
35 12
9 1
33 12
14 30
16 49
43 36
37 14
11 23
0 16
29 45
25 8
15 5
2 26
48 16
27 14
15 35
1 23
26 41
5 25
42 46
16 15
6 22
2 46
41 25
22 21
22 8
29 38
44 2
9 32
33 35
40 34
45 3
10 39
34 40
17 32
7 45
37 45
9 10
35 48
38 34
45 29
10 1
8 17
11 12
8 27
48 49
38 4
1 22
25 17
15 2
13 14
14 45
38 30
49 22
4 3
19 45
2 15
26 48
16 6
30 26
2 41
17 7
7 12
22 44
5 44
23 41
40 41
10 46
34 35
17 25
32 31
22 6
44 23
38 37
35 40
43 42
8 24
44 45
25 26
16 32
37 26
26 17
0 4
42 38
38 17
27 28
49 15
4 10
2 6
29 30
3 23
47 46
30 29
2 32
26 37
7 5
31 24
20 19
17 45
27 40
42 0
23 38
6 26
10 41
31 7
17 18
7 35
31 38
46 10
11 36
46 37
33 23
8 22
43 35
8 31
33 9
14 21
45 41
41 42
15 16
37 3
11 16
24 8
48 5
9 37
1 26
25 5
49 0
13 26
28 22
2 1
26 2
0 49
29 23
49 26
19 33
7 2
31 1
46 43
29 49
27 33
42 11
40 23
23 39
4 37
19 7
17 11
41 22
31 47
46 13
29 43
44 5
18 16
42 21
23 21
36 35
43 24
8 6
32 3
22 10
37 34
18 42
33 2
10 4
15 25
14 6
38 3
1 19
25 14
15 7
39 10
7 43
31 46
26 13
0 8
14 40
29 16
4 6
31 14
5 7
20 33
27 38
40 39
40 30
30 17
28 33
2 44
17 12
7 17
22 43
29 36
9 38
16 39
6 46
21 14
36 42
43 17
17 38
41 33
22 13
46 39
18 37
33 27
23 8
45 27
10 15
39 37
28 35
35 29
9 18
24 22
14 39
1 20
25 23
39 3
13 12
37 31
42 49
0 15
41 29
38 28
1 14
15 42
4 13
28 2
0 37
24 34
41 46
49 39
19 3
17 5
31 29
46 31
41 45
23 43
6 33
42 26
4 49
34 33
7 36
16 25
46 1
24 40
44 17
9 49
42 33
23 1
43 44
17 49
48 42
36 26
45 46
35 36
25 24
49 43
43 19
24 3
48 0
38 23
42 41
27 30
25 2
49 13
23 25
22 49
21 42
29 28
19 26
46 38
9 42
23 32
28 45
43 15
17 16
31 32
46 8
8 2
18 23
33 21
12 33
36 38
34 18
17 42
37 39
18 49
33 15
14 27
45 39
10 27
15 18
39 49
38 14
8 33
18 46
49 6
28 16
2 31
26 0
24 48
48 29
29 21
27 13
30 10
19 35
26 42
46 41
29 15
42 9
40 25
30 44
4 39
17 9
32 47
5 38
29 41
44 7
33 46
16 34
21 3
45 6
23 18
37 32
49 29
44 29
33 0
40 36
36 11
39 46
35 22
14 4
36 17
25 12
15 1
39 4
13 17
2 22
49 14
0 10
38 27
8 13
49 17
49 48
4 0
28 5
31 8
46 48
29 8
46 44
40 0
19 14
7 19
22 41
46 26
18 9
33 39
23 44
6 44
10 35
9 8
17 36
7 41
11 42
17 43
42 36
23 10
12 45
22 38
14 15
40 28
12 11
36 24
10 23
15 14
37 29
23 48
26 18
0 1
14 49
3 12
1 12
16 18
5 14
47 26
19 23
2 37
26 38
7 8
22 32
43 46
15 49
6 39
30 32
10 42
17 29
7 38
31 37
18 26
23 3
45 18
34 25
32 9
7 32
24 36
35 4
24 31
6 40
12 2
45 44
10 30
13 3
37 6
0 24
19 34
39 16
28 27
24 43
48 24
21 40
6 4
16 40
28 49
5 17
23 34
47 33
17 22
7 31
22 29
40 46
33 43
23 24
12 35
45 11
6 32
34 16
18 47
42 48
14 25
38 42
45 37
10 25
15 28
37 15
35 19
28 29
38 12
49 4
13 22
28 18
19 0
26 14
14 37
3 0
19 37
31 13
46 47
49 20
3 38
27 37
1 42
40 45
40 27
48 28
4 33
28 38
34 49
16 42
41 26
5 36
29 39
9 33
42 17
23 17
6 43
45 4
10 38
34 43
32 7
37 46
33 6
38 45
42 16
45 30
10 0
39 40
41 40
13 46
0 22
38 7
13 1
39 6
37 18
26 9
45 5
48 22
3 9
1 9
49 23
28 7
2 14
29 6
16 5
6 8
21 32
47 37
47 48
17 0
31 16
5 45
29 32
41 10
42 24
23 46
47 29
17 26
32 30
22 1
46 2
44 22
33 31
23 4
38 36
12 47
45 23
10 11
34 28
8 23
39 33
33 28
14 13
45 49
22 34
48 23
13 8
37 27
26 16
0 3
24 0
27 29
1 2
28 30
24 38
35 37
29 31
31 33
30 28
4 23
19 25
26 36
7 10
16 30
34 38
42 3
40 43
6 37
30 38
43 10
21 23
32 21
22 24
5 48
20 1
42 45
23 29
36 7
44 6
34 23
32 11
43 22
44 43
48 46
38 49
42 18
45 42
6 29
32 17
37 4
11 17
26 27
0 26
1 27
49 1
13 27
0 48
24 45
48 26
27 8
25 40
15 37
18 28
